ABZY:1699C,2209,5106,5832,10270,11007,13884,15693T,15875,16596
Y:1587,1699C,2209,3514,3898A,5106,5832,6252,6965,7370,7868T,7964A,8597,10270,11007,12491,12557,12593,13884,14301,14331,15292,15693T,15875,16596
ABZ:1699C,2209,5106,5832,10270,11007,13884,15693T,15875,16596
Z:1385,1699C,2209,4451,4829,5106,5832,10270,10300,11007,11684,11979,13884,15693T,15875,15976,16269,16356,16596
Z_GU261674:1385,1699C,2209,4451,4829,5106,5832,7370,10270,10300,10833,11007,11684,11979,13884,15030,15693T,15875,15976,16269,16356,16596
Z_GU261696:1385,1699C,2209,3514+C,4451,4829,5106,5832,8358,10270,10300,11007,11684,11979,12429,13884,15693T,15875,15976,16269,16356,16596
AB:1699C,2209,5106,5832,10270,13884,15693T,15875
A:1699C,2071,2209,5106,5832,9806,10270,10447,12104,12689,12961,13884,15693T,15875,16263,16371
A1:1699C,2071,2209,5106,5832,9806,10270,10447,12104,12689,12961,13884,15693T,15875,16263,16356,16371
A1a:1699C,2071,2209,3125,5106,5832,8612,9806,10270,10447,12054,12104,12689,12961,13884,14232T,15693T,15875,16263,16356,16371
A1a_GU261684:1699C,2071,2209,3125,5106,5832,8612,9484,9806,10270,10447,12054,12104,12689,12961,13884,14232T,15693T,15875,16263,16356,16371
A1a_GU261700:1699C,2071,2209,3125,5106,5832,8612,9806,10270,10447,11103,12054,12104,12689,12961,13884,14232T,15088,15693T,15875,16263,16356,16371
A1_GU261695:1699C,2071,2209,2295,5106,5832,9806,10270,10447,12104,12689,12961,13884,15693T,15875,15958A,16263,16356,16371
A_AB086102:1699C,2071,2209,5106,5688G,5832,9806,10270,10447,12104,12689,12961,13229,13884,15693T,15875,16263,16371
A_KF981434:1699C,2071,2209,5106,5832,9806,10270,10447,12104,12689,12961,13351,13884,15693T,15875,16263,16371
B:15693T,15875
B1:10669,15693T,15875
B1a_GU261705:3098,10669,15693T,15875
B1a_GU261699:4805,9313,10669,15693T,15875
B1_GU261704:2792A,10669,15693T,15875
CD:1699C,2209,3837,5106,5724G,5832,9602,10270,11007,13884,15409,15693T,15875,16596
C:1699C,2209,3837,3900,5106,5724G,5832,7886,8223,9042,9440,9602,10270,11007,13884,14399,15211,15331,15400,15409,15693T,15706,15875,16257,16596
C1:1699C,2209,2885+C,3269A,3837,3900,5106,5700T,5724G,5832,5960,6236,7214,7886,8223,9042,9440,9602,10270,11007,13884,14399,15211,15331,15391,15400,15409,15693T,15706,15875,16257,16596
C1a:1699C,2209,2885+C,3269A,3837,3900,5106,5700T,5724G,5832,5960,6236,7214,7886,8223,9042,9440,9602,9848,10270,11007,13884,14399,15211,15331,15391,15400,15409,15693T,15706,15875,16257,16596
C1a_GU261681:1699C,2209,2885+C,3269A,3837,3900,5106,5700T,5724G,5832,5960,6112,6236,6890,7214,7886,8223,9042,9440,9602,9848,10270,11007,11531,12057,13884,14399,15211,15331,15391,15400,15409,15693T,15706,15875,16257,16596
C1b_GU261718:1699C,2209,2885+C,3157,3269A,3837,3900,5106,5700T,5724G,5832,5960,6236,7214,7715,7886,8223,9042,9440,9602,10270,11007,13884,14399,15211,15331,15391,15400,15409,15693T,15706,15875,16257,16596
C1c:1699C,2209,2885+C,3269A,3837,3900,5106,5700T,5724G,5832,5960,6236,7214,7886,8223,9042,9440,9602,10270,11007,13884,14208,14399,15211,15331,15391,15400,15409,15693T,15706,15875,16257,16596
C2:1264,1588,1699C,2209,2876,3514+C,3837,3900,5106,5724G,5832,7268,7886,8059,8223,9042,9440,9556,9602,10270,11007,11064,11695,12135,12644,12864,13884,14399,15211,15331,15400,15409,15693T,15706,15875,16257,16596
C3:1699C,2209,3837,3900,5106,5724G,5832,7886,8223,9042,9440,9602,10270,10279,11007,12557,13884,14010,14399,14734,15211,15331,15400,15409,15693T,15706,15875,16257,16596
C3_GU261716:1699C,2209,2385,3837,3838,3900,5106,5724G,5832,7101,7589,7886,8223,9042,9407T,9440,9602,10270,10279,11007,11023,12557,13884,14010,14399,14734,15211,15331,15400,15409,15693T,15706,15875,16257,16596
C3_GU261707:1699C,1786,2209,2830,2963,3837,3900,4382,5106,5724G,5832,7886,8223,9042,9440,9602,10270,10279,11007,11422T,12557,13884,14010,14399,14734,15211,15331,15400,15409,15693T,15706,15875,16257,16596
D:1699C,2209,2595,3837,5106,5724G,5832,9602,10270,11007,11693,13884,15409,15693T,15875,16596
D1:1699C,2209,2595,3837,4291,4772,5106,5724G,5832,8642,9602,10270,11007,11693,13884,15409,15693T,15875,16596
D1a1:1699C,2209,2595,3837,4291,4772,5106,5724G,5832,8642,9602,10270,11007,11381G,11693,13884,15409,15693T,15875,16596
D1a1_AP003322:1699C,2209,2595,3837,4291,4772,5106,5724G,5832,8642,9602,10270,11007,11381G,11447,11693,12215,13884,15409,15693T,16596
D1a1_AP003323:1699C,2209,2595,3837,4291,4772,5106,5724G,5832,8192,8642,9602,10107,10270,11007,11381G,11465,11636,11693,13884,14514,15409,15615,15693T,15875,16466,16596
D1a2:1699C,2209,2595,3837,4291,4772,5106,5724G,5832,6236,8642,9602,10270,11007,11693,13884,15409,15693T,15875,16596
D1_GU261682:1699C,2209,2595,3837,4291,4772,5106,5724G,5832,8642,9550,9602,10270,11007,11693,13884,15409,15693T,15875,16596,16674A
D1_KF939304:1699C,2209,2595,3837,4291,4772,5106,5724G,5832,7011,8642,9602,10270,11007,11693,13884,15409,15693T,15875,16596
D2:1699C,1762,2209,2595,2942,3480,3837,5106,5724G,5832,6758,7031,7155,9602,10270,10697,11007,11693,12539,13722,13884,15229A,15409,15545,15693T,15875,16447,16596
D3:1699C,2209,2595,3837,5106,5724G,5832,9602,10270,11007,11693,13884,15235,15409,15693T,15875,16596
D3a:1699C,2209,2595,3837,4572,5106,5724G,5832,9461A,9602,10270,11007,11693,13737,13884,15235,15391,15409,15693T,15875,16356,16596
D3a_GU261697:1699C,2209,2595,3837,4572,5106,5724G,5832,6738,9461A,9602,10270,11007,11693,13737,13884,15235,15391,15409,15693T,15875,16356,16596
D3a_GU261685:1699C,2209,2361+C,2595,3837,4572,4586,5106,5557,5690,5724G,5832,9461A,9602,10270,10620,11007,11693,12143,13737,13884,15235,15391,15409,15693T,15875,16356,16596
D3b:1699C,2209,2595,3837,5106,5381,5724G,5832,9602,10170,10270,11007,11260,11693,12678,13884,14468,15235,15403,15409,15693T,15875,16596
EFGHIWZ:1699C,2209,3837,5106,5832,9542,9602,10270,11007,13884,15693T,15875,16596
I:1699C,2209,2275,2768,3837,4598,4607,4874A,5106,5832,5840C,6011,6194,7022,7364,7769,7979,8141,8192,8444,9184,9347,9542,9602,10270,11007,11024,13779,13884,14208,15403,15693T,15875,16103,16257,16676
EFGHWX:1699C,2209,3837,4586,5106,5832,6905,8618,9542,9602,10081,10270,11007,11973,13884,15693T,15875,16596
H:1699C,2209,2799,3837,4586,5106,5832,5875,6041,6095,6905,7292,8618,9542,9602,10081,10270,11007,11973,13884,14802,15693T,15875,16356,16397,16596
EFGWX:1699C,2209,3837,4586,5106,5832,6905,8618,9542,9602,10081,10270,11007,11973,13884,15693T,15875,16596
WX:1699C,2209,3837,4586,5106,5832,6905,8618,9542,9602,10081,10270,11007,11973,13884,15693T,15875,16596
W:1699C,2209,3837,4095,4457,4586,5106,5832,7181,7577,7715,7739,8618,9542,9602,10081,10270,10432,11007,11603,11708,11732,11973,12003T,12191,12725T,13884,15693T,15835,15875,16596,16665
X:1699C,2209,3837,4526,4586,4613,5106,5832,6905,8618,8681,9542,9602,10081,10270,11007,11744,11773,11973,12218,12383,12410,13884,14877,14957,15277,15693T,15875,15943,16356,16442,16596
EFG:1699C,2209,3837,3941,4586,5106,5832,6905,8618,9542,9602,10081,10270,11007,11973,13884,15693T,15875,16131,16596
E:1699C,2209,3837,3941,4586,5106,5832,6905,8079,8339,8618,9542,9602,10081,10270,10978,11007,11388,11973,13884,15445,15693T,15875,16131,16596
E1:1699C,2209,3837,3941,4586,5106,5832,6764,6806,6905,8079,8339,8473,8618,9542,9602,10081,10270,10978,11007,11388,11973,12464,13884,15445,15693T,15875,16131,16596
E1a:1699C,2209,3837,3941,4586,5106,5832,6764,6806,6905,8079,8339,8473,8618,9542,9602,10081,10270,10978,11007,11388,11973,12464,13569,13884,15445,15693T,15875,16131,16596
E1a_AP003318:1699C,2209,3837,3941,4586,5106,5832,6764,6806,6905,8079,8339,8473,8618,9542,9602,10081,10270,10978,11007,11388,11973,12464,12690,13569,13884,15445,15693T,15875,16131,16596
E1b_GU261694:1525+A,1699C,2209,3837,3941,4586,5106,5832,6764,6806,6905,8079,8339,8473,8618,8783,9542,9602,10081,10270,10978,11007,11388,11973,12008,12464,13884,15445,15693T,15835,15875,16131,16596
E1b_AP003319:1699C,2209,3837,3941,4586,5106,5832,6764,6806,6905,8079,8339,8473,8618,9542,9602,10081,10270,10978,11007,11388,11973,12464,13884,14220,15445,15693T,15875,16131,16596
E1c_AY235571_KF826490:1297,1699C,2209,3837,3941,4586,5106,5832,6764,6806,6905,8079,8339,8473,8618,9542,9602,10081,10270,10978,11007,11388,11973,12464,13227,13884,15445,15693T,15875,16131,16596
E1c_HQ857210:1699C,2209,3837,3941,4586,5106,5832,6764,6806,6905,8079,8339,8473,8618,9542,9602,10081,10270,10978,11007,11388,11973,12464,12705,13884,14046,15445,15693T,15875,16131,16596
E1_GU261686:1699C,2209,3837,3941,4586,5106,5375,5832,6764,6806,6905,8079,8339,8473,8618,9542,9602,10081,10270,10978,11007,11388,11973,12464,13884,15445,15505,15693T,15875,16131,16596
E1_GU261713:1699C,2209,3837,3941,4586,5106,5832,6236,6764,6806,6905,8079,8339,8473,8618,9542,9602,10081,10270,10978,11007,11388,11973,12464,13884,15445,15693T,15875,16131,16596
E1_GU261709:1699C,2209,3837,3941,4586,5106,5832,6764,6806,6905,8079,8339,8473,8618,9542,9602,10081,10270,10814,10978,10996,11007,11388,11797,11973,12464,13542,13884,15445,15693T,15875,16131,16596
E1_AY235570:1699C,2022,2209,3837,3941,4586,5106,5832,6764,6806,6905,8079,8339,8473,8618,9542,9602,10081,10270,10978,11007,11187,11388,11973,12464,13884,15362,15445,15693T,15875,16131,16596
E1_AP003580:1699C,2209,3837,3941,4586,5106,5832,6437,6764,6806,6905,8079,8339,8473,8618,9542,9602,10081,10270,10978,11007,11388,11973,12464,13257,13884,15445,15693T,15875,16131,16596
E1_AP003317:1699C,2027,2209,2361+C,3837,3941,4586,5106,5832,6764,6806,6905,8079,8339,8473,8618,9542,9602,10081,10270,10978,11007,11388,11973,12464,13884,15445,15693T,15875,16131,16596
E2:1699C,2209,2886,2890+2C,3837,3941,4586,5106,5832,6905,8079,8339,8618,9542,9602,9870C,10081,10270,10978,11007,11040,11388,11973,12200,13884,14712,14871,15445,15693T,15875,16131,16356,16596
E3:1699C,2209,3837,3941,4586,5106,5832,6905,8079,8339,8618,8796,9014,9542,9602,9794T,10081,10270,10978,11007,11388,11973,13884,15445,15545,15693T,15875,16131,16596
E3a_HQ857212:1699C,2209,3050,3837,3941,4586,5106,5749,5832,6905,8079,8339,8618,8796,9014,9542,9602,9794T,10081,10270,10978,11007,11388,11973,13884,15445,15545,15693T,15875,16131,16596
E3a_HQ857211:1699C,2209,3837,3941,4586,5106,5832,6905,8079,8137,8339,8618,8796,9014,9542,9602,9794T,10081,10270,10978,11007,11388,11973,12819,13884,14468,15445,15545,15693T,15875,15951,16131,16596
E3b:1699C,2209,3099,3837,3941,4586,5106,5832,6905,8079,8339,8618,8796,9014,9542,9587,9602,9794T,10081,10255,10270,10978,11007,11388,11973,12224,13884,15445,15545,15693T,15875,16131,16596
FG:1699C,2209,3837,3941,4586,5106,5832,6905,8618,9542,9602,10081,10270,11007,11973,13884,15693T,15875,16131,16339,16596
F:1699C,2209,3837,3941,4586,5106,5832,6905,7385,7463,8618,9542,9602,10081,10115,10270,11007,11573,11973,13884,14034G,15693T,15875,16131,16339,16596
F1_GU261702:1699C,2209,3837,3941,4586,5106,5832,6905,7385,7463,8618,9542,9602,10081,10115,10270,10300,11007,11573,11973,13884,14034G,15693T,15875,16131,16339,16596
F2:1699C,2209,3837,3941,4586,5106,5832,6905,7385,7463,8618,9542,9602,10081,10115,10270,11007,11531,11573,11973,13884,14034G,15693T,15875,16131,16339,16596
F2_GU261689:1699C,2209,3837,3941,4586,5106,5832,6905,7385,7463,8618,9542,9602,10081,10115,10270,11007,11531,11573,11973,12247,12830,13884,14034G,15693T,15734,15875,16131,16339,16596
F2_GU261703:1699C,2209,3837,3941,4586,5106,5299,5832,6000,6905,7385,7463,8618,9542,9602,10081,10115,10229,10270,11007,11531,11573,11973,13884,14034G,15443,15471,15693T,15875,16131,16339,16596
F3_GU261717:1699C,2209,3837,3941,4586,5106,5832,6905,7385,7463,8618,9542,9602,10081,10115,10270,11007,11573,11973,12167T,13509,13884,14034G,15693T,15875,16131,16339,16596
F3_DQ648776:1699C,2209,3837,3941,4586,5106,5832,6799,6905,7385,7463,8618,8903T,9542,9602,10081,10115,10270,11007,11573,11973,13884,14034G,15693T,15875,16131,16339,16596
F4:1699C,2209,3837,3941,4586,5106,5832,6905,7385,7463,8618,9542,9602,10081,10115,10270,11007,11573,11973,13884,14034G,15693T,15875,15992A,16131,16339,16596
F5:1699C,2209,3837,3941,4325,4586,5106,5832,6905,7385,7463,8618,9542,9602,10081,10115,10270,11007,11024,11573,11973,13884,13949,14034G,14847C,15693T,15875,16131,16339,16596
G:1699C,2209,3837,3941,4586,5106,5832,6236,6905,7031,7475,8618,9542,9602,10081,10270,11007,11504,11973,13884,15017,15232,15693T,15875,16339,16596
G1:1699C,2209,3837,3941,4586,5106,5832,6236,6536,6905,7031,7475,8618,9542,9602,10081,10270,11007,11504,11973,13884,15017,15232,15693T,15875,16339,16596
G1a_GU261719:1699C,2209,3837,3941,4586,5106,5832,6236,6536,6905,7031,7475,8618,9542,9602,9914,10081,10270,11007,11504,11973,13884,15017,15232,15693T,15875,16339,16596
G1a_GU261690:1699C,2209,3837,3941,4395,4586,5106,5832,6236,6536,6905,7031,7475,8618,9542,9602,10081,10270,11007,11504,11973,13884,15017,15232,15693T,15875,16339
G1_GU261676:1699C,2209,3837,3941,4586,5106,5832,6236,6536,6905,7031,7475,8618,9542,9602,10081,10270,11007,11504,11973,13706A,13884,15017,15232,15693T,15875,16339,16596
G1_GU261710:1699C,2209,3837,3941,4586,5106,5832,6236,6536,6905,7031,7475,8618,9542,9602,10081,10270,11007,11504,11656,11973,13884,15017,15232,15693T,15875,16339,16556,16596
G2:1699C,1988,2209,3837,3941,4229,4586,5106,5832,6236,6905,7031,7475,8618,9542,9602,10081,10270,11007,11504,11973,13328,13884,15017,15232,15693T,15875,16339,16596
