ABZY:212,243,246,256,261,310,315,1215
Y:197,212,243,246,256,261,270,281,310,315,391A,1215
ABZ:212,246,256,310,315,1215
Z:212,246,256,306,310,315,889,1215
Z_GU261674:212,246,256,306,310,315,391A,889,1215
Z_GU261696:199,212,246,256,291,306,310,315,889,1215
AB:212,246,315,1215
A:167,212,225,246,315,1215
A1a_GU261700:167,212,225,246,256,315,391A,1215
A1_GU261695:167,212,225,246,315,396,1215
A_AB086102:167,212,225,246,315,355,686,1215
A_KF981434:167,212,225,240,246,315,1215
B1a:792
B1a_GU261714:296,792
B1a_GU261705:686,792
B1a_GU261699:256,792
B1_GU261704:223,296
CD:212,243,246,256,261,281,306,310,315,1215
C:212,243,246,256,261,281,306,310,315,363,1215
C1:212,242,243,246,256,281,310,315,363,367,1215
C1a_GU261681:212,242,243,246,248,256,310,315,342,363,367,1215
C1b:212,242,243,246,256,281,310,315,342,363,367,1215
C1b_GU261679:212,242,243,246,256,281,310,315,342,363,367,391,1215
C1c:242,243,246,256,281,310,315,363,367,1215
C2:212,243,246,256,261,306,310,315,342,362,363,1215
C3:177T,212,243,246,256,261,265,281,306,310,315,363,1215
C3_GU261716:177T,212,243,246,256,261,265,281,306,310,315,342,363,686,1215
D:212,243,246,256,261,281,306,310,315,1215
D1a:212,243,246,256,261,281,306,310,315,342,1215
D1a1_AP003322:212,243,246,256,261,281,296,306,310,315,342,686,1215
D1_GU261682:212,220,243,246,256,261,281,306,310,315,344,1215
D3a_GU261697:212,243,246,256,261,306,310,315,1215
D3a_GU261685:210,212,221,243,246,256,261,281,306,310,315,342,1215
D3b:212,220,243,246,256,261,302,306,310,315,391A,1215
EFGHIWZ:212,243,246,256,261,310,315,446,1215
I:171,207,221,229,243,256,261,310,315,322A,354,362,363,391,446,521,686,1215
EFGHWX:212,243,246,256,261,310,315,446,1215
H:198,199,212,243,246,256,261,281,306,310,315,363,391,446,1215
EFGWX:212,243,246,256,261,310,315,446,1214,1215
WX:212,243,246,256,261,310,315,363,417,446,1214,1215
W:133,167,212,243,246,256,261,315,363,391,417,446,521,1214,1215
X:212,242,243,246,256,261,310,315,326,363,417,446,1214,1215
EFG:212,243,246,256,261,310,315,446,1214,1215
E:212,217,243,246,256,261,310,315,446,1214,1215
E1b:212,217,243,246,256,261,310,315,446,686,1214,1215
E1b_GU261694:212,217,246,256,261,310,315,446,686,1214,1215
E1b_AP003319:212,217,243,246,256,261,310,315,342,446,686,1214,1215
E1c:212,217,243,246,256,261,310,315,330,446,1214,1215
E1c_AY235571_KF826490:212,217,222,243,246,256,261,310,315,330,446,1214,1215
E1c_HQ857210:207,212,217,238,243,256,261,310,315,330,446,1214,1215
E1_GU261686:212,217,243,256,261,310,315,446,1214,1215
E1_GU261713:199,212,217,243,246,256,261,310,315,446,1214,1215
E2:212,217,224,243,256,261,310,315,446,1174,1214,1215
E3:212,217,243,246,249,256,261,310,315,355,446,1214,1215
E3a:212,217,222,243,246,249,256,261,310,315,355,446,1214,1215
E3a_HQ857211:212,217,222,243,246,249,256,261,281,310,315,355,446,686,1214,1215
E3b:212,217,243,249,256,261,310,315,344,355,446,1214,1215
FG:212,243,246,256,261,310,446,1214,1215
F:212,234,236,243,246,254,256,261,310,317C,446,904,1214,1215
F1:212,234,236,243,246,254,256,261,310,317C,396,446,904,1214,1215
F1_GU261702:212,234,236,243,246,254,256,261,310,317C,347,396,446,904,1214,1215
F2_GU261689:212,234,236,243,246,254,256,261,310,317C,342,446,904,1214,1215
F3:212,234,236,243,254,256,261,310,317C,446,686,904,1214,1215
F4:212,234,236,243,246,254,256,261,265,310,317C,446,904,1214,1215
G:243,246,256,261,296A,302,310,446,1214,1215
G1a:243,246,256,261,296A,302,310,322,446,1214,1215
G1a_GU261690:243,246,256,261,296A,302,310,322,362,446,1214,1215
G1_GU261710:243,246,256,261,281,296A,302,310,317C,391A,446,686,1214,1215
G2:243,246,256,261,296A,302,310,322,347,446,1214,1215
