ABCEG-P:15780,15892
A1'2'3'4'5'6:15983
A6:15607,15645,15983
A6a:15533,15607,15645,15983
A1'2'3:15983
A2'3:15983
A3:15610,15983
A3a1:15608,15610,15983
A3a1_EU789684:15608,15610,15935,15983
A3a3:15607,15610,15983
A3b:15610,15983,16005
A3b2:15610,15892,15983,16005
A3b_EU789682:15610,15617,15983,16005
A2:15632,15983
A2a1a:15607,15632,15983
A2a1a1_EU789671:15474,15607,15632,15983
A2a1a_EU789678:15533,15607,15632,15983
A2a1_EU789743:15983
A2a2a_EU789681:15533,15632,15983
A2a3:15625,15632,15983
A2b:15632,15645,15983
A2b1a1:15632,15645,15821,15983
A2b1a1a:15616,15632,15645,15821,15983
A2b1a2:15632,15645,15794,15822T,15983
A2b1b1:15605,15632,15645,15983
A2b1b1a:15605,15612,15632,15645,15983
A2b1b1a_KT591870:15605,15612,15632,15645,15647,15983
A2b1c:15632,15645,15935,15983
A1:15983
A1a'b:15607,15983
A1a:15607,15983
A1a1:15607,15619T,15983
A1a1a:15607,15619T,15794,15983
A1a1a1_EU789698:15607,15619T,15731,15794,15983
A1a1d_AY656742_KJ637050:15607,15619C,15983
A1a1d_JF342817:15607,15619T,15633,15935,15983
A1a1f:15605,15607,15619T,15983
A1a1g:15607,15619T,15983,16005
A1a1h:15607,15619T,15911,15983
A1a1h1:15607,15619T,15645,15911,15983,16005
A1a1j:15607,15618,15619T,15983
A1a1_EU789709_KJ637043:15598,15607,15619T,15983
A1a1_EU789723:15607,15619T,15983,16005
A1a1_EU408273:15607,15619T,15983,16005
A1a234'5'6:15607,15983,16005
A1a2:15607,15983,16005
A1a2a:15607,15631A,15983,16005
A1a2a_EU789716:15607,15631A,15983,16005,16012
A1a2_EU789710:15607,15791,15983,16005
A1a2_EU789722:15607,15983,16005,16013
A1a3:15607,15983,16005
A1a3a_KM061532:15607,15787,15983,16005
A1a4:15533,15607,15983,16005
A1a5:15607,15983,16005
A1a6:15607,15983,16005
A1a7:15537,15607,15983
A1a7_EU789712:15537,15607,15911,15983
A1b:15607,15983
A1b1:15605,15607,15983
A1b1_EU789756:15605,15607,15613,15629,15818,15983
A1b1_EU789768:15572,15605,15607,15612,15620,15976,15983
A1b2:15607,15983,16005
A1b2_KJ637069:15607,15629,15983,16005
A1c1a:15600,15983
A1c1a1:15600,15935,15983
A1c1a1a1_KJ637087:15600,15605,15935,15983
A1c1a1b:15600,15645,15935,15983
A1c1a2:15600,15983,16005
A1c1a2a1_FJ817359:15600
A1c1a2a2:15600,15645,15983,16005
A1c1a2_EU789704:15600,15730,15983,16005
A1c1a_EU789724:15600,15632,15983
A1c1b:15591,15601,15607,15629,15983,16005
A1c2a:15632,15983
A1c2a_EU789687:15632,15983,16005
A1c2b:15802,15935,15983
A1d:15486,15983
A1d1b:15486,15892,15983
A1d2a_DQ480497:15486,15983,16005
A1e'f'g:15983,16005
A1e:15983,16005
A1e1_EU789696:15533,15983,16005
A1e1_EU789701:15611T,15983,16005
A1f:15619,15983,16005
A1f_EU789700:15619,15983,16005,16012
A1f_EU789714:15619,15632,15983,16005
A1g:15983,16005
A1g1:15612,15983,16005
A1g1b_DQ480491:15612,15983
A1g1b_KM061589:15612,15983,16003T,16005
A1g1e:15612,15911,15983,16005,16013
A1h:15731,15983
A1h_EU789767_EU789771:15610,15731,15983
A1h_EU789754:15731,15935,15983,16005,16013
A1i:15935,15983
A1i1a2:15533,15607,15983
A1i1a2_JF342836:15533,15607,15911,15983
A1_EU789741:15818,15983
A1_EU789697:15533,15607,15983,16005
A4'5:15983
A4:15983
A4a1a:15607,15761,15787,15983
A4a1a2:15601,15607,15761,15787,15983
A4a1a2_EU789755:15601,15607,15645,15761,15787,15983
A4a1b:15645,15983
A4a2:15983,16005
A4b:15630,15828,15911,15983,16005
A5:15939,15983
A5a'b:15939,15983,16005
A5a:15939,15983,16005
A5a1:15939,15983,16005,16013
A5a1_EU789665:15698,15939,15983,16005,16013
A5a3:15605,15983,16005
A5b:15605,15939,15983,16005
G:15780,15892
G1:15591,15593T,15605,15607,15632,15780,15817,15892,15935
G1_KF661051_KF661050:15467+C,15591,15593T,15605,15607,15610,15632,15780,15817,15892,15935
G2:15575,15780,15892
G2_KF661085:15575,15591,15761,15780,15892,15912
G2_DQ480506:15575,15593,15780,15892,15910,15911
BCEH-Q:15780,15892
BCEH-P:15607,15780,15892,15935
BCEH-O:15607,15780,15892,15935
BEH-N:15607,15780,15892,15935
BEH-M:15607,15632,15780,15892,15935
BEH-L:15607,15632,15780,15892,15935
BHIJKL:15575,15607,15632,15780,15892,15935
BHIJ:15575,15607,15632,15780,15795,15892,15935
B:15575,15607,15612,15623,15632,15780,15795,15892,15935
B1'2:15575,15592,15607,15612,15619,15623,15632,15780,15795,15892,15935
B1:15575,15592,15607,15612,15619,15623,15632,15780,15795,15892,15935
B1a1:15592,15607,15612,15619,15623,15632,15780,15795,15892,15935
B1a1a1:15467+C,15592,15607,15612,15619,15623,15632,15780,15795,15892,15935
B1a1a1_DQ480490_EU789785_AY656745:15467+C,15592,15607,15612,15619,15623,15632,15780,15795,15892,15935,15939
B1a1_EU789638:15592,15607,15612,15619,15621,15623,15632,15780,15795,15892,15935
B1a2_KM061536:15575,15592,15607,15612,15619,15623,15632,15780,15793,15795,15892,15935
B1a4a:15575,15592,15607,15608,15612,15619,15623,15632,15780,15795,15892,15935
B1a4a_EU408258:15575,15592,15608,15612,15619,15623,15632,15780,15795,15892,15935
B1a4_JF342815_DQ480494_DQ480500_EU408285_EU789775_EU789781_JF342809:15525C,15575,15592,15607,15612,15619,15623,15632,15780,15795,15892,15905d,15935
B1a5_FJ817363:15575,15592,15607,15612,15619,15623,15632,15780,15795,15892,15935,15983
B1a8_KJ637104:15575,15592,15607,15612,15619,15623,15632,15780,15795,15892,15911,15935
B1a5a_KM061545:15575,15592,15607,15612,15623,15632,15780,15795,15892,15911,15935
B1a5a_KJ637105:15575,15592,15607,15612,15619,15623,15632,15780,15795,15892,15911,15935
B1a9_KM061576:15575,15592,15607,15612,15619,15623,15632,15780,15795,15892,15935,15983
B1a10_JF342864:15575,15592,15607,15612,15619,15623,15632,15780,15892,15935
B1a11_AY656752:15533,15575,15592,15607,15612,15619,15623,15632,15780,15795,15892,15935
B1a13:15575,15592,15607,15612,15619,15623,15631,15632,15780,15795,15892,15935
B1a14_KJ637134:15575,15592,15607,15612,15619,15623,15632,15780,15892,15935
B1a_EU789639:15575,15592,15607,15612,15619,15623,15632,15780,15795,15892,15935,15983
B1a_KM061526:15467+C,15575,15592,15607,15612,15619,15623,15632,15780,15795,15892,15935
B1a_KJ637106:15575,15592,15607,15612,15619,15623,15632,15780,15795,15892,15911,15935
B2:15575,15592,15607,15612,15619,15623,15632,15780,15795,15892,15935
B2a1:15575,15592,15607,15612,15619,15623,15632,15780,15795,15892,15935,16018
B2a1a_EU789647:15575,15592,15607,15612,15619,15623,15632,15780,15795,15892,15935,16018,16019
B2a1b:15533,15575,15592,15606,15607,15612,15619,15623,15632,15780,15795,15892,15935,16018
B2a1b_EU789648:15533,15574,15575,15592,15606,15607,15612,15619,15632,15780,15795,15892,15935,16018
B2a1c:15575,15592,15607,15612,15619,15632,15780,15795,15892,15935,16018
B2a1c_EU789650:15575,15592,15607,15612,15619,15632,15780,15795,15892,15935
B2b:15575,15592,15607,15612,15619,15623,15632,15780,15795,15802,15892,15935
B3:15575,15607,15612,15623,15632,15780,15795,15802,15892
B3_KC461238:15607,15612,15623,15632,15635,15780,15795,15802,15892,15980C
B3_KC896375:15575,15607,15612,15619,15623,15632,15748,15780,15795,15802,15892,16005
H:15575,15605,15607,15612,15632,15780,15795,15892,15935
H1:15575,15592,15605,15607,15612,15632,15780,15795,15892,15935
H2:15575,15593,15602,15605,15607,15612,15632,15639,15780,15795,15892,15935
H2_KF661075:15575,15593,15602,15605,15607,15612,15632,15639,15780,15795,15892,15912,15935
IJ:15575,15607,15623,15632,15780,15795,15892,15935
I:15607T,15623,15632,15780,15795,15814,15892
I_KT448278:15607T,15623,15632,15780,15795,15814,15847,15892
J:15533,15575,15601,15605,15607,15623,15632,15780,15795,15847,15892,15935
KL:15575,15607,15632,15780,15892,15935
K:15575,15607,15632,15780,15892,15935
K1:15575,15607,15623,15632,15780,15892,15935
K1a:15575,15607,15623,15632,15780,15892,15935,16019
K1c:15575,15607,15623,15780,15892,15935
K1d:15575,15607,15623,15628,15632,15780,15792,15892,15935
L:15533,15607,15623,15627,15632,15780,15892,15935
E:15607,15632,15780,15791,15892,15935
E1:15572,15575,15607,15632,15780,15791,15892,15935
E1a:15572,15575,15607,15632,15780,15791,15847,15892,15935
E1_KF661044:15572,15575,15607,15632,15780,15791,15892,15912,15935
E2:15533,15607,15612,15632,15780,15791,15892,15935
N:15607,15623,15632,15780,15892,15912,15935,15983
N1a:15607,15623,15632,15780,15821,15912,15935,15983
N1a_KF661042:15607,15632,15780,15821,15912,15935,15983
N1a_KF661043:15533,15607,15619,15623,15632,15780,15821,15912,15935,15983
N1b:15533,15607,15623,15632,15780,15892,15912,15935,15939,15983
M:15533,15607,15753,15780,15821,15935
C:15511,15591,15607,15619,15630,15780,15892,15935
C1a1a_EU789657:15511,15533,15591,15607,15619,15630,15780,15892,15935
C1a1a_EU789660:15511,15607,15619,15630,15780,15892,15935
C1a2:15511,15591,15607,15630,15780,15892,15935
C1a2a:15511,15591,15607,15630,15780,15892,15935,15983
C1b1_KM061534:15511,15591,15607,15619,15630,15780,15892,15911,15935
C1a2a_DQ480489_EU789786:15511,15591,15607,15619,15630,15780,15892,15911,15935
C1b2:15511,15591,15601,15607,15619,15630,15780,15892,15935
C1b_KM061495_KM061597:15511,15591,15607,15630,15780,15794,15892,15935
C2:15511,15591,15607,15619,15630,15690,15780,15892,15935
C2_EU789772_EU789782:15511,15591,15607,15619,15630,15690,15780,15791,15892,15935
C2_KJ637138:15511,15591,15601,15607,15619,15630,15690,15780,15892,15935
O:15591,15600,15601,15605,15607,15632,15780,15892,15911,15935
P:15591,15607,15780,15794,15892,15935
Q:15780,15892
Q1:15601,15780,15794,15797,15800,15892
Q1_KF661038:15601,15780,15794,15797,15800,15892,15912,15935
Q2:15780,15892,15912,15935
D:15607,15780,15892,15939
D1'2'3'4:15607,15616,15780,15892,15939
D1'2'3:15607,15612,15616,15780,15795,15892,15939
D1'2:15605,15607,15612,15616,15780,15795,15892,15935,15939
D1:15605,15607,15612,15614,15616,15619,15623,15780,15795,15892,15935,15939
D1a:15605,15607,15612,15614,15616,15619,15623,15780,15795,15828,15892,15935,15939
D1a1a:15605,15607,15612,15614,15616,15619,15623,15780,15795,15828,15892,15911,15935,15939
D1a1a_DQ480492_EU789783:15605,15607,15612,15614,15615,15616,15619,15623,15780,15795,15828,15892,15911,15935,15939
D1b:15605,15607,15614,15616,15619,15623,15780,15795,15892,15911,15935,15939
D1b1:15605,15607,15616,15619,15623,15780,15795,15892,15911,15935,15939,15983
D1b1_KJ139385:15605,15607,15608,15616,15619,15623,15780,15795,15892,15911,15935,15939,15983
D2:15605,15607,15612,15616,15780,15795,15892,15911,15935,15939,16019
D2a:15605,15607,15610,15612,15616,15780,15795,15892,15911,15939,16019
D2a1_EU789655:15605,15607,15610,15612,15616,15780,15795,15828,15892,15911,15939,16019
D2a1_KJ139388:15605,15607,15610,15612,15616,15780,15795,15892,15911,15939,15983,16018,16019
D2b:15605,15607,15612,15616,15780,15795,15828,15892,15911,15935,15939,16019
D3:15533,15591,15607,15612,15616,15780,15795,15892,15939,16017T
D4:15591,15607,15616,15780,15828,15892,15939
D4_KF661048:15591,15605,15607,15616,15780,15828,15892,15912,15939
D4_KF661045:15591,15607,15616,15780,15828,15892,15935,15939
D5:15492,15607,15608,15780,15892,15939
D6:15591,15607,15780,15828,15939
F:15493,15591,15608,15632,15780,15892,15983
F1a1:15493,15591,15608,15632,15780,15821,15892,15983
F1a2a:15493,15591,15608,15632,15780,15821,15892,15983
F1a2:15493,15591,15608,15632,15780,15892,15911,15983
F1a2_AB499823:15493,15591,15608,15780,15892,15911,15983
F1a2_AB499824:15493,15533,15591,15608,15632,15780,15892,15911,15983
F2:15493,15533,15591,15608,15632,15780,15892,15911,15983
