A:4942,6523,10028,11062,12380,13034,16000,16028,16066
A1:196,4942,6523,10028,11062,12380,13034,16000,16028,16066
A1a:196,3634,4942,6523,8759,10028,10433,11062,11128,12380,13034,14497,15767,15980,16000,16019,16027,16028,16066,16083,16363
A1a1:196,3634,4942,5725,6523,8759,10028,10433,11062,11128,12380,13034,14497,15767,15980,16000,16019,16027,16028,16066,16083,16363
A1a1a:196,3634,4942,5725,6523,6894,8759,10028,10433,11062,11128,12380,13034,14497,15602,15616,15636,15767,15980,16000,16019,16027,16028,16066,16083,16363
A1a1a_KJ192218:196,3634,4942,5725,6523,6894,8759,10028,10433,11062,11128,12380,14497,15602,15616,15636,15767,15810,15930,15980,16000,16019,16027,16028,16066,16083,16150,16363
A1a1a_KJ192219:196,3634,4942,5725,6523,6894,8759,10028,10433,11062,11128,12380,13034,14497,15602,15616,15636,15767,15843,15980,15981,16000,16019,16027,16028,16066,16083,16363
A1a1_KJ192226:1912,3634,4942,5725,6523,8759,10028,10433,11062,11128,12380,13034,14053,14497,15767,15870,15980,16000,16019,16027,16028,16066,16083,16363,16504+C
A1a_KJ192227:196,3634,4942,6523,7025,8070,8759,9369C,10433,11062,11128,12380,13034,14497,15616,15636,15767,15870,15980,16000,16001,16019,16027,16028,16045,16066,16083,16363
A1b:196,4942,6523,7214,10028,11062,12380,13034,16000,16028,16066
A1b1:196,2971,4942,6523,7214,9738,10028,11062,12380,13034,14865,16000,16028,16066
A1b1a:196,1237+A,2971,4942,6523,7214,9738,10028,11062,12380,13034,14865,16000,16028,16066
A1b1a_KJ192217:196,1237+A,2971,4942,6523,7214,9738,10028,11062,11128,12362,12380,13034,14865,15616,15636,16000,16066
A1b1a_KJ192234:196,1237+A,2971,4942,6523,7214,9738,10028,11062,12380,13034,14865,15811,15887,15920,15950,15981,16000,16028,16066
A1b1_KJ192235:196,2971,4942,6523,7214,9738,10028,11062,11128,12380,13034,14865,15616,15636,15920,16000,16066,16440,16447
A1b2:196,4942,6523,7118,7214,10028,11062,12380,13034,15888,16000,16028,16066
A1b2_KJ192230:196,1156,4084,4564,4942,6523,7118,7214,7589T,8571,9224,10028,10729,11062,11128,12380,13034,13390,15888,16000,16010,16019,16028,16066
A1b2_KJ192231:196,3108,3396,4942,6109,6523,7118,7185,7214,10028,11062,12380,13034,13663,15888,15930,16000,16028,16066,16232,16281,16504+C,16538C
A1_KJ192216:196,2120,3892,4033,4942,6523,9308,10028,11062,11128,11258,12380,13034,15616,15636,15749,15898,16000,16028,16066,16477
A2:4942,6523,10028,11062,12380,13034,15811,16000,16028,16066
A2a:2190,4942,6523,10028,11062,12380,13034,15811,15833,15873,15969,15978,16000,16028,16045,16066,16638+T
A2a1:2190,4942,6523,10028,11062,12380,13034,15616,15636,15811,15833,15873,15969,15978,16000,16028,16045,16066,16638+T
A2a1_KJ192211:2190,4942,6523,9860,10028,11062,12380,13034,15055,15616,15636,15811,15833,15873,15969,15978,16000,16028,16045,16066,16638+T
A2a1_KJ192210:2190,4942,6523,7723,10028,11062,12380,12764,13034,15616,15622,15636,15686,15811,15833,15873,15969,15978,16000,16028,16045,16062,16066,16638+T
A2a_KJ192209:2190,3240,4942,6523,8604,9257,9860,10028,11062,11128,12158,12380,13034,15811,15833,15836,15873,15898,15930,15967,15969,15978,16000,16003,16021,16028,16045,16066,16119,16638+T
A2b:4333,4942,6523,10028,10945,11062,12380,13034,15811,15969,16000,16028,16043,16066
A2b1:4333,4942,6523,8735,10028,10945,11062,12380,13034,14617,15728,15811,15969,16000,16028,16043,16066
A2b1a:4333,4942,6523,8134,8735,9015,10028,10391,10945,11062,11128,11624,12380,12566,13034,14617,14917,15728,15811,15969,15981,16000,16010,16028,16043,16066
A2b1a_KJ192220:4333,4942,6523,8134,8735,9015,10028,10391,10945,11062,11128,11624,12380,12566,13034,14617,14917,15728,15811,15969,15981,16000,16010,16028,16043,16066,16262
A2b1a_KJ192221:4333,4942,8134,8735,9015,10028,10391,10945,11062,11128,11624,12380,12566,13034,14617,14917,15295,15616,15636,15728,15811,15969,15981,16000,16010,16028,16043,16066
A2b1_KJ192232:605,2619,2767,4333,4942,6523,7451,8735,10028,10945,11062,11567+A,12380,13034,14617,15728,15759,15811,15893,15969,16000,16028,16043,16066
A2b2:4333,4942,6523,10028,10945,11062,11128,12380,13034,15616,15636,15811,15969,16000,16026,16028,16043,16066
A2b2a:4333,4587,4942,6523,10028,10945,11062,11128,12380,12659,13034,15534,15616,15636,15811,15821,15969,16000,16010,16026,16028,16043,16066
A2b2a_KJ192212:4333,4587,4942,6523,8939,9083,10028,10945,11062,11128,12380,12659,13034,15534,15616,15636,15811,15821,15969,16000,16010,16026,16028,16043,16066
A2b2a_KJ192213:4333,4587,4942,6523,6700,10028,10945,11062,11128,12380,12659,13034,15534,15616,15636,15811,15821,15950,15969,16000,16010,16026,16028,16043,16066
A2b2b:4333,4942,6112,6523,10028,10945,11062,11128,12380,13034,14479A,15616,15636,15811,15969,16000,16026,16027,16028,16043,16066
A2b2b_KJ192222:4333,4942,6112,6523,7727C,10028,10145,10945,11062,11128,12380,13034,14479A,15616,15636,15811,15873,15969,15984,16000,16026,16027,16028,16043,16066
A2b2b_KJ192223:4333,4942,6112,6523,10028,10493,10945,11062,11128,12380,13034,14479A,15616,15636,15811,15873,15969,16000,16026,16027,16028,16043,16066
A2c:4942,6523,10028,11062,11128,12380,13034,15811,16000,16028,16066
A2c1:4942,6523,10028,11062,11128,12380,13034,15811,15920,16000,16028,16066
A2c1a:4942,5731,6187,6523,8915,10028,11062,11128,12380,13034,15920,15921,15972,16028,16045,16066,16458,16504+C
A2c1a_KJ192224:4942,5731,6187,6513C,6523,8915,10028,11062,11128,12380,13034,15912,15920,15921,15972,16028,16045,16066,16458,16504+C
A2c1a_KJ192225:3345,4942,5731,6187,6523,8915,9221,10028,11062,11128,12380,13034,15920,15921,15972,16028,16045,16066,16458,16504+C
A2c1b:4942,6523,10028,11062,11128,11374,12380,13034,13714,15811,15920,15981,16000,16028,16066,16303
A2c1b_KJ192214:4942,6523,8586,9863,10028,11062,11128,11374,12380,12404,13034,13714,15616,15636,15811,15896,15920,15981,16000,16028,16066,16303
A2c1b_KJ192215:4606,4942,6523,7792,9618A,10028,11062,11128,11374,12380,13034,13714,15811,15920,15981,16000,16028,16066,16303
A2c_KJ192229:2312,4942,6523,10028,11062,11128,12380,13034,13945,15616,15811,15842,16000,16021,16028,16066,16232
A2c_KJ192228:1671,3040,4942,6523,10028,10723C,10726,11062,11128,12380,13034,13166,15759,15811,15983,16000,16019,16028,16066
A2d:4942,6523,8596,9065,10028,11062,12380,13034,15616,15636,15811,15930,15950,15978,15981,15982,15994,16000,16028,16038,16066,16151,16504+C
A3:
B:205,1120+C,1850,2208,3195,3469,4033,4942,5602,6097,6523,7053,7343,7661,7840,7886,8056,8079,8481,8636,8731,8819,8960,9011,9827,10028,10480,10639,10687,10814,11062,11128,11365,11691,11702,11872,12380,12383,13034,13100A,13178,13280,13286,13681,13741,13756,13762,14746,15004,15220,15543,15616,15631,15636,15637,15728,15807,15843,15893,15913,15920,15930,15947,15950,15965,15969,15981,15982,16000,16006,16010,16011,16019,16027,16028,16037,16040,16045,16066,16083,16232,16458,16477,16514
B_KF952601:205,1120+C,1850,2208,3195,3469,4033,4942,5602,6097,6523,7053,7301,7343,7661,7840,7886,8056,8079,8481,8636,8731,8819,8960,9011,9673,9827,10028,10480,10639,10687,10814,11062,11128,11173,11365,11691,11702,11872,12380,12383,12584,13034,13100A,13178,13280,13286,13681,13741,13756,13762,14728,14746,14873,15004,15220,15543,15616,15631,15636,15637,15728,15807,15833,15843,15864,15893,15913,15920,15930,15947,15950,15965,15967,15969,15981,15982,15983,16000,16006,16010,16011,16019,16027,16028,16037,16040,16045,16066,16083,16232,16281,16458,16477,16514
B_GU295658:205,1120+C,1850,2208,2850,3195,3469,4033,4942,5602,6097,6523,7053,7343,7661,7840,7886,8056,8079,8481,8636,8704,8731,8819,8960,9011,9827,10028,10480,10639,10687,10814,11062,11128,11365,11567+A,11691,11702,11872,12380,12383,13034,13100A,13178,13280,13286,13681,13741,13756,13762,13964,14461,14746,14795,15004,15220,15543,15616,15631,15636,15637,15728,15747,15807,15843,15893,15913,15920,15930,15947,15950,15965,15969,15981,15982,15992,16000,16006,16010,16011,16019,16027,16028,16037,16040,16045,16066,16083,16232,16458,16477,16485,16504+C,16514
C:165,213,944,1026,1114,1118-1119d,1192,1369,1850,2208,2886C,3003,3132,3195,3294,3469,3600,3771,4570,4627,4708,4714,4891,4942,5602,5713,5776,6031,6094,6325,6391,6415,6523,6538,7118,7658,7840,7918,8056,8079,8114,8265,8301C,8487,8852,8960,9062,9112,9206,9347,9548,9600,9827,9995,10028,10107,10303,10357A,10450,10546,10564,10639,10951,11062,11074,11128,11257,11569,11957,11969,12146,12314,12362,12380,12383,12386,12539,12626,12638,12791,13001,13034,13157,13292,13502,13741,13756,14044,14290,14386,14518,14527,14746,15004,15053,15543,15554,15616,15631,15636,15637,15662,15675,15689,15699,15728,15744,15763,15771,15797,15807,15822,15843,15862,15864,15866,15870,15909,15920,15930,15950,15969,15981,15983,15984,15994,16003,16006,16010,16019,16022,16026,16027,16028,16038,16040,16043,16045,16066,16084C,16150,16151,16232,16325,16363,16376,16440,16448,16460,16477,16495,16504+C,16514