A:4942,6523,10028,11062,12380,13034
A1:196,4942,6523,10028,11062,12380,13034
A1a:196,3634,4942,6523,8759,10028,10433,11062,11128,12380,13034,14497
A1a1:196,3634,4942,5725,6523,8759,10028,10433,11062,11128,12380,13034,14497
A1a1a:196,3634,4942,5725,6523,6894,8759,10028,10433,11062,11128,12380,13034,14497
A1a1a_KJ192218:196,3634,4942,5725,6523,6894,8759,10028,10433,11062,11128,12380,14497
A1a1_KJ192226:1912,3634,4942,5725,6523,8759,10028,10433,11062,11128,12380,13034,14053,14497
A1a_KJ192227:196,3634,4942,6523,7025,8070,8759,9369C,10433,11062,11128,12380,13034,14497
A1b:196,4942,6523,7214,10028,11062,12380,13034
A1b1:196,2971,4942,6523,7214,9738,10028,11062,12380,13034,14865
A1b1a:196,1237+A,2971,4942,6523,7214,9738,10028,11062,12380,13034,14865
A1b1a_KJ192217:196,1237+A,2971,4942,6523,7214,9738,10028,11062,11128,12362,12380,13034,14865
A1b1_KJ192235:196,2971,4942,6523,7214,9738,10028,11062,11128,12380,13034,14865
A1b2:196,4942,6523,7118,7214,10028,11062,12380,13034
A1b2_KJ192230:196,1156,4084,4564,4942,6523,7118,7214,7589T,8571,9224,10028,10729,11062,11128,12380,13034,13390
A1b2_KJ192231:196,3108,3396,4942,6109,6523,7118,7185,7214,10028,11062,12380,13034,13663
A1_KJ192216:196,2120,3892,4033,4942,6523,9308,10028,11062,11128,11258,12380,13034
A2a:2190,4942,6523,10028,11062,12380,13034
A2a1_KJ192211:2190,4942,6523,9860,10028,11062,12380,13034,15055
A2a1_KJ192210:2190,4942,6523,7723,10028,11062,12380,12764,13034
A2a_KJ192209:2190,3240,4942,6523,8604,9257,9860,10028,11062,11128,12158,12380,13034
A2b:4333,4942,6523,10028,10945,11062,12380,13034
A2b1:4333,4942,6523,8735,10028,10945,11062,12380,13034,14617
A2b1a:4333,4942,6523,8134,8735,9015,10028,10391,10945,11062,11128,11624,12380,12566,13034,14617,14917
A2b1a_KJ192221:4333,4942,8134,8735,9015,10028,10391,10945,11062,11128,11624,12380,12566,13034,14617,14917,15295
A2b1_KJ192232:605,2619,2767,4333,4942,6523,7451,8735,10028,10945,11062,11567+A,12380,13034,14617
A2b2:4333,4942,6523,10028,10945,11062,11128,12380,13034
A2b2a:4333,4587,4942,6523,10028,10945,11062,11128,12380,12659,13034
A2b2a_KJ192212:4333,4587,4942,6523,8939,9083,10028,10945,11062,11128,12380,12659,13034
A2b2a_KJ192213:4333,4587,4942,6523,6700,10028,10945,11062,11128,12380,12659,13034
A2b2b:4333,4942,6112,6523,10028,10945,11062,11128,12380,13034,14479A
A2b2b_KJ192222:4333,4942,6112,6523,7727C,10028,10145,10945,11062,11128,12380,13034,14479A
A2b2b_KJ192223:4333,4942,6112,6523,10028,10493,10945,11062,11128,12380,13034,14479A
A2c:4942,6523,10028,11062,11128,12380,13034
A2c1a:4942,5731,6187,6523,8915,10028,11062,11128,12380,13034
A2c1a_KJ192224:4942,5731,6187,6513C,6523,8915,10028,11062,11128,12380,13034
A2c1a_KJ192225:3345,4942,5731,6187,6523,8915,9221,10028,11062,11128,12380,13034
A2c1b:4942,6523,10028,11062,11128,11374,12380,13034,13714
A2c1b_KJ192214:4942,6523,8586,9863,10028,11062,11128,11374,12380,12404,13034,13714
A2c1b_KJ192215:4606,4942,6523,7792,9618A,10028,11062,11128,11374,12380,13034,13714
A2c_KJ192229:2312,4942,6523,10028,11062,11128,12380,13034,13945
A2c_KJ192228:1671,3040,4942,6523,10028,10723C,10726,11062,11128,12380,13034,13166
A2d:4942,6523,8596,9065,10028,11062,12380,13034
B:205,1120+C,1850,2208,3195,3469,4033,4942,5602,6097,6523,7053,7343,7661,7840,7886,8056,8079,8481,8636,8731,8819,8960,9011,9827,10028,10480,10639,10687,10814,11062,11128,11365,11691,11702,11872,12380,12383,13034,13100A,13178,13280,13286,13681,13741,13756,13762,14746,15004,15220
B_KF952601:205,1120+C,1850,2208,3195,3469,4033,4942,5602,6097,6523,7053,7301,7343,7661,7840,7886,8056,8079,8481,8636,8731,8819,8960,9011,9673,9827,10028,10480,10639,10687,10814,11062,11128,11173,11365,11691,11702,11872,12380,12383,12584,13034,13100A,13178,13280,13286,13681,13741,13756,13762,14728,14746,14873,15004,15220
B_GU295658:205,1120+C,1850,2208,2850,3195,3469,4033,4942,5602,6097,6523,7053,7343,7661,7840,7886,8056,8079,8481,8636,8704,8731,8819,8960,9011,9827,10028,10480,10639,10687,10814,11062,11128,11365,11567+A,11691,11702,11872,12380,12383,13034,13100A,13178,13280,13286,13681,13741,13756,13762,13964,14461,14746,14795,15004,15220
C:165,213,944,1026,1114,1118-1119d,1192,1369,1850,2208,2886C,3003,3132,3195,3294,3469,3600,3771,4570,4627,4708,4714,4891,4942,5602,5713,5776,6031,6094,6325,6391,6415,6523,6538,7118,7658,7840,7918,8056,8079,8114,8265,8301C,8487,8852,8960,9062,9112,9206,9347,9548,9600,9827,9995,10028,10107,10303,10357A,10450,10546,10564,10639,10951,11062,11074,11128,11257,11569,11957,11969,12146,12314,12362,12380,12383,12386,12539,12626,12638,12791,13001,13034,13157,13292,13502,13741,13756,14044,14290,14386,14518,14527,14746,15004,15053
