A:16000,16028,16066
A1a:15767,15980,16000,16019,16027,16028,16066,16083,16363
A1a1a:15602,15616,15636,15767,15980,16000,16019,16027,16028,16066,16083,16363
A1a1a_KJ192218:15602,15616,15636,15767,15810,15930,15980,16000,16019,16027,16028,16066,16083,16150,16363
A1a1a_KJ192219:15602,15616,15636,15767,15843,15980,15981,16000,16019,16027,16028,16066,16083,16363
A1a1_KJ192226:15767,15870,15980,16000,16019,16027,16028,16066,16083,16363,16504+C
A1a_KJ192227:15616,15636,15767,15870,15980,16000,16001,16019,16027,16028,16045,16066,16083,16363
A1b1a_KJ192217:15616,15636,16000,16066
A1b1a_KJ192234:15811,15887,15920,15950,15981,16000,16028,16066
A1b1_KJ192235:15616,15636,15920,16000,16066,16440,16447
A1b2:15888,16000,16028,16066
A1b2_KJ192230:15888,16000,16010,16019,16028,16066
A1b2_KJ192231:15888,15930,16000,16028,16066,16232,16281,16504+C,16538C
A1_KJ192216:15616,15636,15749,15898,16000,16028,16066,16477
A2:15811,16000,16028,16066
A2a:15811,15833,15873,15969,15978,16000,16028,16045,16066,16638+T
A2a1:15616,15636,15811,15833,15873,15969,15978,16000,16028,16045,16066,16638+T
A2a1_KJ192210:15616,15622,15636,15686,15811,15833,15873,15969,15978,16000,16028,16045,16062,16066,16638+T
A2a_KJ192209:15811,15833,15836,15873,15898,15930,15967,15969,15978,16000,16003,16021,16028,16045,16066,16119,16638+T
A2b:15811,15969,16000,16028,16043,16066
A2b1:15728,15811,15969,16000,16028,16043,16066
A2b1a:15728,15811,15969,15981,16000,16010,16028,16043,16066
A2b1a_KJ192220:15728,15811,15969,15981,16000,16010,16028,16043,16066,16262
A2b1a_KJ192221:15616,15636,15728,15811,15969,15981,16000,16010,16028,16043,16066
A2b1_KJ192232:15728,15759,15811,15893,15969,16000,16028,16043,16066
A2b2:15616,15636,15811,15969,16000,16026,16028,16043,16066
A2b2a:15534,15616,15636,15811,15821,15969,16000,16010,16026,16028,16043,16066
A2b2a_KJ192213:15534,15616,15636,15811,15821,15950,15969,16000,16010,16026,16028,16043,16066
A2b2b:15616,15636,15811,15969,16000,16026,16027,16028,16043,16066
A2b2b_KJ192222:15616,15636,15811,15873,15969,15984,16000,16026,16027,16028,16043,16066
A2b2b_KJ192223:15616,15636,15811,15873,15969,16000,16026,16027,16028,16043,16066
A2c1:15811,15920,16000,16028,16066
A2c1a:15920,15921,15972,16028,16045,16066,16458,16504+C
A2c1a_KJ192224:15912,15920,15921,15972,16028,16045,16066,16458,16504+C
A2c1b:15811,15920,15981,16000,16028,16066,16303
A2c1b_KJ192214:15616,15636,15811,15896,15920,15981,16000,16028,16066,16303
A2c_KJ192229:15616,15811,15842,16000,16021,16028,16066,16232
A2c_KJ192228:15759,15811,15983,16000,16019,16028,16066
A2d:15616,15636,15811,15930,15950,15978,15981,15982,15994,16000,16028,16038,16066,16151,16504+C
B:15543,15616,15631,15636,15637,15728,15807,15843,15893,15913,15920,15930,15947,15950,15965,15969,15981,15982,16000,16006,16010,16011,16019,16027,16028,16037,16040,16045,16066,16083,16232,16458,16477,16514
B_KF952601:15543,15616,15631,15636,15637,15728,15807,15833,15843,15864,15893,15913,15920,15930,15947,15950,15965,15967,15969,15981,15982,15983,16000,16006,16010,16011,16019,16027,16028,16037,16040,16045,16066,16083,16232,16281,16458,16477,16514
B_GU295658:15543,15616,15631,15636,15637,15728,15747,15807,15843,15893,15913,15920,15930,15947,15950,15965,15969,15981,15982,15992,16000,16006,16010,16011,16019,16027,16028,16037,16040,16045,16066,16083,16232,16458,16477,16485,16504+C,16514
C:15543,15554,15616,15631,15636,15637,15662,15675,15689,15699,15728,15744,15763,15771,15797,15807,15822,15843,15862,15864,15866,15870,15909,15920,15930,15950,15969,15981,15983,15984,15994,16003,16006,16010,16019,16022,16026,16027,16028,16038,16040,16043,16045,16066,16084C,16150,16151,16232,16325,16363,16376,16440,16448,16460,16477,16495,16504+C,16514
