A-Q:15492,15599,15717,15768,15803,15953,16368,16540A,16626
A-L:15492,15599,15717,15768,15867,15953,16368,16626
A-K:15492,15599,15647,15717,15768,15867,16368
A-I:15492,15599,15647,15717,15768,15823,15867,16368
ABCD:15492,15599,15647,15717,15823,15867,16368
ABC:15492,15599,15647,15717,15823,15867,16368
AB:15492,15647,15717,15823,16368
A:15492,15717,15823
A1:15492,15823
A1a_HQ439491:15629
A1b:15492,15823,16110
A1b_JN398380:15492,15646,15823,16110
A1b_KC202957:15492,15823,16047,16110
A1c:15492,15823,16108
A1d_FJ718998:15492,15823,16388,16541
A1_JN398378:15492,15582,15823
A1_AP013084:15492,15720,15823,15869,16077
A2:15492,15717,15823,16110
A2_JN398385:15492,15599,15717,15823,16110
A3:15492,15600,15669,15717,15823,16034,16037,16108
B:15492,15647,15717,15823,16052,16108,16368
B1:15492,15647,15663,15717,15823,16052,16108,16110,16368
B1a:15492,15582,15647,15663,15717,15823,16052,16108,16110,16368
B1a1:15492,15582,15647,15663,15717,15807,15823,16052,16110,16368
B1a1_JN398387:15492,15582,15647,15663,15717,15807,15823,16052,16077,16110,16368
B1a1_JN398386:15492,15582,15647,15663,15717,15807,15823,15867,16052,16110,16368
B1a1_HQ439458:15492,15582,15647,15663,15717,15807,15823,16052,16110,16368,16653-16657d
B1b_KC202958:15492,15647,15663,15717,15823,16052,16076,16108,16110,16368
B1c_HQ439474:15492,15647,15663,15717,15823,16052,16108,16110,16368,16398A
B2:15492,15647,15717,16052,16108,16368
C:15492,15599,15647,15717,15823,15867,15953,15971,16110,16368
C1a_JN398395:15492,15599,15647,15717,15823,15867,15953,15971,16004,16110,16368
C1_JN398392:15492,15599,15647,15717,15725,15823,15867,15953,15971,16110,16368
C1_HQ439471:15492,15582,15599,15647,15717,15823,15867,15953,15971,16110,16368
C2:15492,15594,15599,15647,15717,15823,15867,15953,15971,16110,16368
C2a_JN398397:15492,15594,15599,15647,15648,15717,15823,15867,15953,15971,16110
C2a_HQ439487:15492,15594,15599,15647,15717,15823,15867,15876,15953,15971,16110,16368
C2_JN398396:15492,15582,15594,15599,15647,15717,15767,15823,15867,15953,15971,16108,16110,16368
D:15492,15518,15599,15717,15734,15767,15867,16108,16110,16368,16391
D1:15492,15518,15599,15717,15734,15767,15807,15867,16084,16108,16110,16368,16391
D1a1:15492,15518,15599,15717,15734,15767,15807,15867,15981,16084,16108,16110,16368,16391
D1a1_JN398399:15492,15518,15599,15715,15717,15734,15767,15807,15867,15981,16084,16108,16110,16368,16391
D1b:15492,15518,15593,15599,15717,15734,15767,15807,15865,15867,16084,16108,16110,16368,16391
D2:15492,15518,15599,15614,15717,15734,15767,15867,16108,16110,16368,16391
E-I:15492,15599,15647,15717,15768,15823,15867,16110,16368
E-G:15492,15539,15599,15647,15663,15717,15768,15867,16110,16368
E:15492,15539,15582,15594,15599,15647,15663,15717,15768,15867,15953,15971,16110,16368,16641
F-G:15492,15539,15599,15647,15663,15717,15867,16110,16368
F:15492,15539,15592,15599,15647,15663,15717,15865,15867,16368,16511
G:15492,15539,15599,15632,15647,15663,15700,15717,15867,16110,16368
G1'2'3:15492,15539,15594,15599,15632,15647,15663,15700,15717,15867,16110,16368
G1:15492,15539,15582,15594,15599,15632,15647,15663,15700,15717,15867,16028,16110,16368
G1a_JN398404:15492,15539,15582,15594,15599,15632,15647,15663,15700,15717,15867,16028,16084,16110,16368
G1a_JN398406:15492,15539,15582,15594,15599,15612,15632,15647,15663,15700,15717,15867,16028,16110,16368
G1a_HQ439472:15492,15539,15582,15599,15632,15647,15663,15717,15867,15971,16028,16110,16368
G1a_HQ439468:15492,15539,15582,15594,15599,15632,15647,15663,15700,15717,15867,16110,16368
G1a_HQ439479:15492,15539,15582,15594,15599,15632,15647,15663,15700,15717,15867,16004,16028,16110,16368
G2:15492,15539,15594,15599,15632,15647,15663,15700,15717,15867,16110,16368
G2a:15492,15539,15594,15599,15632,15663,15700,15717,15867,16077,16368
G2a_KC202967:15492,15539,15594,15599,15632,15663,15700,15717,15867,16056C,16077,16368
G3:15492,15539,15594,15599,15632,15647,15663,15700,15717,15867,16110,16368
G3a:15492,15539,15594,15599,15632,15647,15663,15700,15717,15867,16028,16110,16368
G3a_AP013086:15492,15539,15594,15599,15632,15647,15663,15700,15717,15867,15971,16028,16110,16368
G3_JN398410:15492,15539,15594,15599,15632,15647,15663,15700,15717,15744,15867,15953,16110,16368
G3_JN398411:15492,15539,15594,15599,15632,15647,15663,15700,15717,15867,16028,16110,16368
G1'2'3_HQ439443:15492,15539,15594,15599,15632,15647,15663,15700,15717,15867,15868,16100,16110,16368
G4:15492,15539,15599,15632,15647,15663,15700,15717,15867,15868,16110,16368
H-I:15492,15582,15599,15647,15717,15768,15823,15867,16110,16368
H:15492,15523,15537,15582,15599,15646,15715,15717,15768,15867,15971,16078,16110,16368
H_JN398413:15492,15523,15537,15582,15599,15646,15715,15717,15768,15803,15867,15971,16078,16110,16368,16641
H_HQ439490:15492,15523,15537,15582,15599,15646,15715,15717,15768,15867,15971,16078,16108,16110,16368,16657d
H_KF038166:15523,15531,15537,15582,15599,15646,15717,15768,15867,15868,15953,15971,16065,16077,16078,16100,16110,16368,16403d,16626
I:15492,15535,15582,15599,15647,15706,15717,15768,15823,15867,16110,16368
I1:15492,15535,15582,15599,15647,15706,15717,15768,15823,16110,16368
I1a:15492,15535,15582,15599,15706,15717,15768,15823,15971,16110,16119,16368
I1a1:15492,15535,15582,15599,15706,15717,15768,15823,15971,16119,16368
I1a1_JN398415:15492,15535,15582,15599,15706,15717,15768,15823,15971,15993,16119,16368
I1a1_AP013088:15492,15535,15582,15599,15706,15717,15768,15971,16119,16368
I1b:15492,15535,15582,15594,15599,15647,15706,15717,15768,15823,16368
I1b_AP013094:15492,15535,15594,15599,15647,15706,15717,15768,15823,16119,16368
I1_HQ439476:15492,15535,15582,15594,15599,15647,15706,15717,15768,15823,16110,16119,16368
I2:15492,15535,15582,15599,15647,15706,15717,15768,15823,15867,15971,16110,16368
I2a:15492,15535,15582,15599,15647,15706,15717,15768,15823,15867,15971,16110,16368,16436
I2a1:15492,15535,15581,15582,15599,15647,15706,15717,15768,15823,15867,15971,16077,16110,16368,16436
I2a1a:15492,15535,15581,15582,15599,15647,15706,15717,15768,15823,15867,15971,16077,16110,16119,16368,16436
I2a1a1:15492,15535,15581,15582,15599,15647,15706,15717,15768,15823,15867,15971,16077,16110,16119,16368
I2a1a1_KC202980:15492,15535,15581,15582,15599,15647,15706,15717,15768,15823,15867,15971,16077,16110,16119
I2a1a1_KC202984:15492,15535,15581,15582,15599,15647,15706,15717,15768,15823,15867,15971,16077,16110,16119,16368,16626,16631d
I2a1a_KC202982:15492,15535,15581,15582,15599,15647,15706,15717,15768,15823,15867,15971,16077,16119,16368,16436
I2a1a_KC202979:15492,15535,15581,15582,15599,15647,15706,15717,15768,15867,15971,16077,16110,16119,16368,16436
I2a1_KC202970:15492,15535,15581,15582,15599,15647,15706,15717,15768,15823,15867,15971,16077,16368,16436
I2a1_KC202977:15492,15535,15581,15582,15599,15647,15706,15717,15768,15815d,15823,15867,15971,16077,16110,16368,16436
I2a2:15492,15535,15593,15599,15647,15706,15717,15768,15823,15867,15971,16110,16368,16436
I2b2a:15492,15535,15593,15599,15647,15706,15717,15768,15823,15867,15971,16110,16368,16436,16473
I2b2a1:15492,15535,15593,15599,15647,15706,15717,15768,15823,15867,15971,16110,16119,16368,16436,16473
I2b2a_KC202974:15492,15535,15593,15599,15647,15706,15717,15768,15867,15971,16368,16436,16473
I2a2_KC202978:15492,15535,15593,15599,15647,15706,15717,15768,15823,15867,15971,16110,16119,16368,16436,16631d
I2a3:15492,15535,15582,15599,15647,15706,15717,15768,15823,15867,15971,16108,16110,16368,16436
I2a3_KC202972:15492,15535,15582,15599,15647,15706,15717,15768,15867,15971,16108,16110,16368,16436
I2a3_HQ439499_HQ439497:15492,15535,15582,15599,15647,15706,15717,15768,15823,15867,15971,16108,16110,16119,16368,16436
I2a4:15492,15535,15582,15599,15647,15706,15717,15768,15823,15867,15971,16110,16119,16368,16436
I2a4_HQ439463:15492,15535,15593,15599,15647,15706,15717,15768,15823,15867,15971,16110,16119,16368,16436
I2a4_HQ439496:15492,15535,15582,15599,15647,15648,15706,15717,15768,15823,15867,15971,16110,16119,16368,16436
I2a_KF038161:15492,15535,15594,15599,15647,15706,15717,15768,15823,15867,15960,15971,16110,16368,16436
I2b:15492,15535,15582,15599,15647,15706,15717,15768,15823,15867,15971,16110,16119,16368
JK:15492,15599,15647,15717,15768,15804,15867,15868,16068,16368
J:15492,15582,15599,15601,15647,15717,15768,15804,15824,15867,15868,16068,16108,16368,16641
J1:15492,15529d,15582,15599,15601,15717,15768,15804,15824,15867,15868,16068,16108,16110,16368,16641
J1_KF038163:15492,15529d,15582,15599,15717,15768,15804,15824,15867,15868,16068,16108,16110,16368,16641
J2:15492,15529d,15582,15597,15599,15601,15647,15717,15768,15804,15824,15867,15868,15992,16024,16068,16108,16368,16641
K:15492,15541,15599,15632,15647,15680,15683,15717,15768,15772,15804,15867,15868,15953,16068,16368
L:15491,15492,15493,15531,15582,15599,15600,15646,15717,15768,15867,15868,15953,15971,16065,16100,16368,16626
L1a1:15491,15492,15493,15531,15599,15600,15646,15717,15768,15867,15868,15953,15971,16065,16100,16368,16626
L1a1a:15491,15492,15493,15531,15599,15600,15646,15717,15768,15867,15868,15953,15971,16065,16100,16368,16398A,16626
L1a1a_HQ439483:15491,15492,15493,15531,15599,15600,15646,15717,15768,15867,15868,15953,15971,16065,16091,16100,16368,16398A,16626
L1a1a_HQ439482:15491,15492,15493,15531,15599,15600,15646,15717,15768,15867,15868,15953,15971,16065,16084,16100,16368,16398A,16626
L1a1_JN398421:15491,15492,15493,15531,15599,15600,15646,15717,15768,15824,15867,15868,15953,15971,16065,16100,16368,16626
L1a1_KC203002:15491,15492,15493,15531,15599,15600,15646,15717,15768,15867,15868,15953,15971,16065,16077,16100,16368,16626,16631d
L1b:15491,15492,15493,15531,15599,15600,15646,15717,15768,15867,15868,15953,15971,16065,16100,16368,16626
L1c:15491,15492,15493,15531,15582,15599,15600,15601,15646,15717,15768,15867,15868,15953,15971,16065,16100,16368
L2:15491,15492,15493,15531,15582,15600,15646,15717,15768,15867,15868,15953,15971,16065,16100,16368,16626
L2a1a:15491,15492,15493,15531,15582,15600,15646,15682,15717,15768,15867,15868,15953,15971,16100,16368,16626
L2a1a_HQ439494:15491,15492,15493,15531,15582,15600,15646,15682,15717,15768,15867,15868,15953,15971,16100,16368,16398A,16626
L2a1_JN398428:15491,15492,15493,15531,15582,15600,15646,15717,15768,15867,15868,15953,15971,16028,16065,16100,16368,16626
L2a1_AP013091:15491,15492,15493,15531,15582,15594,15600,15646,15717,15768,15867,15868,15953,15971,16065,16100,16368,16626
L2a2a_JN398429:15491,15492,15493,15531,15582,15600,15646,15717,15768,15867,15868,15953,15971,16034,16065,16100,16368,16626
L2a2a_HQ439452:15491,15492,15493,15531,15582,15600,15646,15717,15768,15867,15868,15953,15971,16065,16100,16368,16398A,16626
L2a2a_HQ439492:15491,15492,15493,15531,15582,15600,15601,15646,15717,15768,15867,15868,15953,15971,16065,16100,16368,16398A,16626,16649
L2a2b:15491,15492,15493,15531,15582,15600,15646,15717,15768,15867,15868,15953,15971,16100,16368,16626
L2a2b_KC203018:15491,15492,15493,15531,15582,15600,15646,15717,15768,15867,15868,15953,15971,16100,16368,16388,16626
L2a2_JN398430:15491,15492,15493,15530,15531,15582,15600,15646,15717,15768,15867,15868,15953,15971,16065,16100,16368,16626
L2a2_HQ439493:15491,15492,15493,15531,15600,15646,15717,15768,15867,15868,15953,15971,16065,16100,16368,16398A,16626,16657d
L2a2_KF038165:15531,15582,15600,15646,15717,15768,15867,15868,15953,15971,16065,16100,16368,16403d
L2b1:15491,15492,15493,15531,15582,15600,15646,15717,15768,15824,15867,15868,15953,15971,16065,16100,16108,16368,16626
L2b1a1:15475,15491,15492,15493,15531,15582,15600,15646,15717,15768,15824,15867,15868,15953,15971,16065,16100,16108,16368,16626
L2b1a_KC203017:15491,15492,15493,15531,15582,15600,15646,15717,15768,15824,15867,15868,15953,16065,16100,16108,16368,16626
L2b1a_KC202988:15491,15492,15493,15531,15582,15600,15646,15717,15768,15824,15867,15868,15953,15971,16065,16100,16108,16368
L2b1_KC202994:15491,15492,15493,15531,15582,15600,15646,15717,15768,15824,15867,15868,15953,15971,16065,16100,16108,16368,16626,16631d
L2b2:15491,15492,15493,15531,15582,15600,15646,15717,15768,15867,15868,15953,15971,16065,16100,16368,16398A,16626
L3a:15491,15492,15493,15531,15582,15599,15600,15601,15646,15717,15768,15867,15868,15953,15971,16065,16100,16368,16553,16626
L3a1:15491,15492,15493,15531,15582,15599,15600,15601,15646,15717,15768,15867,15868,15953,15971,16065,16100,16108,16368,16553,16626
L3a1a:15491,15492,15493,15529d,15531,15582,15599,15600,15601,15646,15717,15768,15867,15868,15953,15971,16065,16100,16108,16368,16553,16626
L3a1a1:15491,15492,15493,15529d,15531,15582,15599,15600,15601,15646,15717,15768,15861,15867,15868,15953,15971,16065,16100,16108,16368,16553,16626
L3a1a1_KC203014:15491,15492,15493,15529d,15531,15582,15599,15600,15601,15646,15717,15768,15861,15867,15868,15953,15971,16065,16368,16553,16626
L3a1a1_KC203021:15491,15492,15493,15529d,15531,15582,15599,15600,15601,15646,15717,15768,15861,15867,15868,15953,15971,16065,16100,16108,16626
L3a1a_JN398433:15491,15492,15493,15529d,15531,15582,15599,15600,15601,15646,15717,15768,15824,15867,15868,15953,15971,16065,16100,16108,16368,16553,16626
L3a1b1a_KC202986:15491,15492,15493,15531,15582,15599,15600,15601,15646,15717,15768,15867,15868,15953,15971,16065,16100,16108,16553,16626
L3a1b1a_KC202993:15491,15492,15493,15531,15582,15599,15600,15601,15646,15717,15768,15867,15868,15953,15971,16065,16100,16108,16368,16626
L3a1c:15491,15492,15493,15531,15582,15599,15600,15601,15646,15717,15768,15867,15868,15953,15971,16065,16100,16108,16368,16554,16626
L3a2:15491,15492,15493,15531,15582,15599,15600,15601,15646,15717,15768,15867,15868,15953,15971,16065,16100,16368,16553,16554,16626
L3a2_HQ439453:15491,15492,15493,15531,15599,15600,15601,15646,15717,15768,15867,15868,15953,15971,16065,16100,16368,16553,16554,16626,16654-16657d
L3a2_HQ439473:15491,15492,15493,15531,15582,15599,15600,15601,15646,15717,15768,15867,15868,15953,15971,16065,16100,16554,16626
L3a_JN398434:15491,15492,15493,15531,15582,15599,15600,15601,15646,15717,15768,15867,15868,15953,15971,16065,16078,16100,16368,16553,16626
L3a_JN398432:15491,15492,15493,15531,15571,15582,15599,15600,15601,15646,15717,15768,15867,15868,15953,15971,16065,16100,16110,16368,16553,16626
L3b:15491,15492,15493,15530,15531,15582,15600,15646,15717,15768,15867,15868,15953,15971,16065,16100,16108,16368,16626
L4:15491,15492,15493,15531,15582,15599,15600,15601,15646,15717,15768,15867,15868,15953,15971,16065,16100,16110,16368,16626
L4a_KC202999:15491,15492,15493,15531,15582,15599,15600,15601,15646,15717,15768,15867,15868,15953,15971,16065,16100,16110,16368,16626,16631d
L4a_KC203003:15491,15492,15493,15531,15582,15599,15600,15601,15646,15717,15768,15867,15868,15953,15971,16065,16100,16110,16626
L4a_HQ439478:15491,15492,15493,15531,15582,15599,15600,15601,15646,15717,15768,15867,15868,15953,15971,16065,16100,16110,16368,16398A,16626
L4a_KC202987:15491,15492,15493,15531,15582,15599,15600,15601,15646,15717,15768,15867,15868,15953,15971,16065,16100,16110,16368,16626,16631d
L4b:15491,15492,15493,15531,15582,15599,15600,15601,15646,15717,15768,15867,15868,15953,15971,16065,16100,16110
M-Q:15492,15599,15717,15768,15803,15953,16118,16368,16540A,16626
M-N:15492,15599,15717,15768,15803,15824,15866,15953,16065,16118,16368,16540A,16543,16556,16626
M:15492,15599,15614,15656,15717,15768,15803,15824,15866,15953,16065,16118,16368,16540A,16543,16556,16626
M1:15492,15599,15614,15656,15717,15768,15803,15824,15866,15953,16065,16077,16118,16368,16540A,16543,16556,16626
M1a1:15492,15599,15614,15656,15717,15768,15803,15824,15866,15953,16065,16077,16110,16118,16368,16540A,16543,16556,16626
M1a1_KC203024:15492,15599,15614,15656,15717,15768,15803,15824,15866,15953,16065,16077,16110,16118,16134,16142,16150,16368,16540A,16543,16556,16626
M1a_AP013092:15492,15599,15614,15656,15700,15717,15768,15803,15824,15866,15953,16065,16077,16118,16214,16368,16540A,16543,16556,16626
M1a_JN398437:15492,15599,15614,15717,15768,15803,15824,15866,15953,16065,16077,16118,16368,16540A,16543,16556,16626
M1b_HQ439495:15492,15582,15599,15614,15656,15717,15768,15803,15824,15866,15953,16065,16077,16118,16368,16540A,16543,16556,16626
M1_JN398435:15492,15582,15599,15614,15656,15717,15768,15803,15822,15824,15866,15953,16065,16077C,16110,16118,16368,16540A,16543,16556,16626
M1_FJ718997:15492,15599,15614,15656,15717,15768,15803,15824,15866,15953,16077,16110,16118,16368,16445,16468A,16485A,16495G,16504,16540A,16543,16626
M1_AP013098:15492,15599,15614,15717,15768,15803,15824,15866,15953,16035,16065,16077,16118,16368,16540A,16543,16556,16626
M2:15492,15599,15614,15656,15717,15768,15803,15824,15866,15953,16065,16118,16368,16511d,16540A,16543,16556,16626
M2_KC203025:15492,15599,15614,15656,15717,15768,15824,15866,15953,16065,16118,16368,16511d,16540A,16543,16556,16626,16631d
M2_KC203027:15492,15599,15614,15656,15717,15768,15803,15824,15867,15868,15953,15971,16065,16100,16110,16368,16511d,16540A,16543,16556,16626
N:15492,15598,15599,15717,15768,15803,15824,15835,15866,15953,16004,16065,16108,16110,16118,16368,16540A,16543,16556,16626
N1_JN398441:15492,15571,15582,15598,15599,15717,15768,15803,15824,15835,15866,15953,16004,16065,16108,16110,16118,16368,16540A,16543,16556,16626
N1_HQ439464:15492,15541,15598,15599,15717,15768,15803,15824,15835,15866,15953,16004,16065,16110,16118,16368,16398A,16540A,16543,16556,16626
N2a:15492,15582,15598,15599,15717,15768,15803,15824,15835,15866,15953,16004,16065,16108,16110,16118,16368,16540A,16543,16556,16626
N2_JN398442:15492,15598,15599,15717,15768,15803,15835,15866,15953,16004,16065,16108,16110,16118,16368,16540A,16543,16556,16626
O-Q:15492,15599,15700,15717,15768,15774,15953,16035,16060+C,16118,16368,16540A,16626
OP:15492,15594,15599,15664,15700,15717,15768,15774,15806,15953,16035,16060+C,16118,16368,16540A,16626
O:15492,15594,15599,15632,15664,15700,15717,15768,15774,15806,15953,16035,16060+C,16110,16118,16368,16540A,16626
O_JN398445:15492,15594,15599,15601,15632,15664,15700,15717,15768,15774,15806,15953,16035,16060+C,16110,16118,16357,16368,16540A,16626
O_HQ439467:15492,15594,15599,15632,15664,15700,15717,15768,15774,15806,15953,16035,16110,16118,16368,16398A,16540A,16626
P:15492,15594,15599,15664,15700,15717,15768,15774,15806,15953,16035,16060+C,16118,16368,16540A,16626
P1:15492,15599,15664,15700,15717,15763,15768,15774,15806,15953,16035,16060+C,16118,16368,16505,16540A,16626
P3:15492,15594,15599,15601,15664,15700,15717,15768,15774,15806,15953,16035,16060+C,16118,16368,16540A,16626
P4:15492,15594,15599,15601,15664,15700,15717,15768,15774,15806,15953,16035,16060+C,16118,16368,16540A,16626
P4a:15492,15594,15599,15601,15664,15700,15717,15768,15774,15806,15953,16035,16118,16368,16540A,16626
P4a_HQ439445:15492,15594,15599,15601,15664,15700,15717,15768,15774,15806,15953,16035,16054,16118,16368,16398A,16540A,16626
P4a_HQ439500:15492,15599,15601,15664,15700,15717,15768,15774,15806,15953,15992,16035,16118,16368,16540A,16626,16657d
P4_AP013089:15492,15594,15599,15601,15664,15700,15717,15768,15774,15806,15953,16035,16060+C,16110,16118,16368,16540A,16626
P4_AP013093:15492,15582,15594,15599,15601,15664,15700,15717,15768,15774,15806,15953,16013,16035,16060+C,16118,16368,16540A,16626
P_HQ439457:15492,15594,15599,15664,15700,15717,15768,15774,15806,15953,16035,16118,16368,16540A,16626
P_KF038160:15492,15664,15700,15717,15768,15774,15806,15953,16035,16060+C,16368,16540A,16626
Q:15492,15599,15700,15717,15737,15768,15774,15808,15953,16034,16035,16054,16060+C,16110,16118,16368,16540A,16626
Q1b:15492,15599,15700,15717,15723,15737,15768,15774,15808,15953,16034,16035,16054,16060+C,16110,16118,16368,16540A,16626
Q1b1:15492,15599,15700,15717,15723,15737,15768,15774,15808,15953,16034,16035,16054,16110,16118,16368,16540A,16626
Q1b1a:15492,15599,15601,15700,15717,15723,15737,15768,15808,15953,16035,16054,16110,16118,16368,16540A,16626
Q1b1a_HQ439477:15492,15599,15601,15700,15717,15723,15737,15768,15808,15953,16035,16054,16118,16368,16540A,16626
Q1b1a_HQ439465:15492,15599,15601,15700,15717,15723,15737,15768,15808,15866,15953,16035,16054,16060C,16110,16118,16368,16540A,16626
Q1b1_HQ439448:15492,15599,15700,15717,15723,15737,15768,15774,15808,15953,16034,16035,16054,16060C,16368,16540A,16626
Q1b1_JN398450:15492,15599,15700,15717,15723,15737,15768,15774,15808,15953,16034,16035,16054,16062+T,16108,16110,16118,16368,16540A,16626
Q1b_JN398449:15492,15594,15599,15601,15657,15700,15717,15723,15737,15768,15774,15808,15953,16034,16035,16054,16060+C,16110,16118,16368,16540A,16626
Q2'3:15492,15582,15599,15700,15717,15737,15768,15774,15808,15953,16034,16035,16054,16060+C,16110,16118,16368,16540A,16626
Q2:15492,15582,15599,15700,15717,15737,15768,15774,15808,15953,15992,16034,16035,16054,16060+C,16110,16118,16368,16540A,16626
Q2a:15492,15599,15601,15700,15717,15737,15768,15774,15808,15953,15992,16034,16035,16054,16060+C,16110,16118,16368,16540A,16626
Q2a_EF597514:15492,15599,15601,15700,15717,15737,15768,15774,15808,15953,15992,16034,16035,16054,16060+C,16110,16118,16368,16540A,16581+A,16626
Q2a_HQ439450:15492,15599,15601,15647,15700,15717,15737,15768,15774,15808,15953,15992,16034,16035,16110,16118,16368,16540A,16626
Q2_JN398453:15492,15582,15599,15700,15717,15737,15768,15774,15808,15953,15992,16034,16035,16054,16060,16060+C,16110,16118,16368,16540A,16626
Q3:15492,15582,15599,15601,15700,15717,15737,15768,15774,15808,15953,16034,16035,16054,16060+C,16110,16118,16368,16540A,16626
Q3_JN398454:15492,15582,15599,15601,15700,15717,15737,15768,15774,15808,15953,16032,16034,16035,16054,16060+C,16110,16118,16368,16540A,16626
Q3_JN398455:15492,15582,15599,15601,15700,15717,15737,15768,15774,15808,15953,16034,16035,16054,16060+C,16118,16368,16540A,16626
Q2a_KF038159:15492,15582,15599,15601,15700,15717,15737,15768,15774,15808,15953,16034,16035,16054,16060+C,16368,16540A,16626
R:15492,15595,15599,15613,15656,15700,15717,15767,15772,15773,15803,15824,15953,15971,15993,16368,16540A,16626
R1:15492,15595,15599,15612,15613,15656,15700,15717,15767,15772,15773,15803,15824,15953,15971,15993,16100,16368,16473,16537,16540A,16626
R1_JN398457:15492,15595,15599,15612,15613,15656,15700,15717,15767,15772,15773,15803,15824,15953,15971,15993,16100,16365,16368,16473,16524,16537,16540A,16626
R1_JN398456:15492,15595,15599,15612,15613,15656,15700,15717,15767,15772,15773,15803,15824,15953,15971,15993,16100,16108,16368,16473,16537,16540A,16626
R1_AP013078:15492,15599,15612,15613,15656,15700,15717,15767,15772,15773,15803,15824,15953,15971,15993,16100,16108,16368,16473,16537,16540A,16626
R2:15492,15595,15599,15613,15656,15700,15717,15767,15772,15773,15803,15824,15953,15971,15993,16626
