A-Q:158,356,961,1387d,2788,3070,3800,3942,4062,4536,4646,4669,5527,5884,6004,6307,6784,7001,7666,7900,8005,8043,8150,8358,8565,9086,9239,10110,10173,10214,10292,10376,10448,11240,11543,11842,11879,11966,12767,13049,13333,13920,13933,14803
A-L:158,356,961,1387d,2788,3070,3942,4062,4536,4646,4669,5527,5884,6004,6307,6784,7001,7666,7900,8005,8358,8565,9239,10110,10214,10292,10376,11240,11543,11842,11879,12767,13049,13333,14803
A-K:158,356,961,1387d,2788,3070,3942,4062,4536,4646,4669,5527,5884,6004,6307,6784,7001,7666,8005,8358,8565,9239,10110,10214,10376,11240,11543,11842,11879,12767,13049,13333,14803
A-I:158,356,1387d,2788,4062,4646,4669,5884,6004,6307,6784,7001,8005,9239,10214,10376,11240,11543,11842,12767,13049,13333
ABCD:158,356,1387d,2788,4062,4646,5884,6004,6784,7001,9239,10214,10376,11240,11543,13049,13333
ABC:158,356,1387d,2788,4062,6784,7001,9239,10214,11240,11543
AB:158,356,4062,6784,11240
A:6784
A1a_HQ439491:3557,6784,12653
A1b_JN398379:778,4020,4927,6784,8140,12545,13049,14800,14811
A1b_JN398380:5205T,6784,10581
A1b_KC202957:331,6784,10586
A1b_HQ439475:4520,6784
A1c_JN398382:6784,10764
A1d:6784,7181,10322
A1d_FJ718998:939,3816,6784,7181,10322
A1d_KC202956:4342,6784,6788,7181,10322,12824,13104
A1_HQ439441:6784,8807
A1_AP013084:6784,12773
A2_JN398385:260T,4017T,6784
A2_JN398384:5210,6784
A3:4597,6784,13265G
B:158,356,859,4062,5929,6784,7627,9961,10764,11240
B1a1:158,356,859,4062,6784,7627,9961,10764,11240,13816
B1a1_JN398388:158,356,859,4062,6784,7627,7946,9961,10764,11240,13816
B1a1_JN398387:158,356,859,2794,4062,6784,7627,9961,10764,11240,13541,13816
B1a1_KC202959:158,356,859,4062,6784,7612,7627,8110,9961,10764,11240,13816
B1a1_HQ439458:158,356,859,4062,6784,7204,7627,9570,9961,10764,11240,11896,11942,11951,13502,13816
B1a1_HQ439469:158,356,859,4062,4245,6784,7627,9961,10764,11240,11399,13166,13816
B1a1_HQ439488:158,356,859,4062,4230,6784,7627,9961,10764,11240,13816
B1a2:141+T,158,356,859,4062,4482,4743,5929,6784,7627,9961,10728,10764,11240,11726,14689
B1b:158,356,859,4062,5929,6784,7627,9961,10764,10832,11240,11615,14908
B1b_JN398390:150,158,356,859,4062,5929,6784,7627,9961,10764,10832,11240,11615,14908
B1c:158,356,859,4062,4743,5929,6784,7627,9961,10764,11240,14689
B1c_HQ439474:158,356,859,1896,4062,4743,5929,6784,7627,9961,10764,11240,11375,14689
B1c_HQ439460:158,356,669,859,4062,4743,5929,6784,7627,9961,10764,11240,12314,12332,14689
B1c_HQ439486:158,356,859,4062,4743,5929,6784,7627,9961,10764,11240,13741,14689
B1d:158,356,859,4062,4743,5929,6784,7627,7706,9961,10764,11113C,11240,14689
B2:158,356,859,4062,5929,6784,7627,9681,9961,10144,10764,11240
C:158,356,957,1387d,2238,2788,3800,4062,4599,4884,4993,5500,6076,6784,7001,7942,9239,9664,10214,10217,11046,11129,11240,11543,12352,13079
C1:158,356,957,1387d,2238,2788,3800,4062,4599,4884,4993,5500,6076,6784,7001,7942,9239,9278,9664,10214,10217,11046,11129,11240,11543,12352,13079
C1a:158,356,957,1387d,2238,2788,3800,4062,4599,4884,4993,5500,6076,6784,7001,7942,8723,9239,9278,9664,10214,10217,11046,11129,11240,11543,12352,13079
C1a_JN398394:158,356,957,1387d,2238,2788,3800,4062,4599,4884,4993,5500,6076,6784,7001,7247,7942,8723,9239,9278,9664,10214,10217,11046,11129,11240,11543,12352,13079
C1a_JN398395:158,356,957,1387d,2238,2788,3800,4062,4599,4884,4993,5500,6784,7001,7942,8279,8723,9239,9278,9664,10214,10217,11046,11129,11240,11543,12352,13079,15227
C1_JN398392:158,356,957,1387d,2238,2788,3800,4062,4599,4884,4993,5500,6076,6784,7001,7942,9239,9278,9664,10052,10214,10217,11046,11129,11240,11543,12352,13079
C1_JN398393:158,356,957,1387d,2238,2307,2788,3800,4062,4599,4884,4993,5500,6076,6784,7001,7942,9239,9278,9664,10214,10217,11046,11129,11240,11543,12352,13079
C1_HQ439471:158,356,957,1387d,2238,2788,3800,4062,4599,4884,4993,5500,5914,6076,6784,7001,7942,9239,9278,9664,10214,10217,11046,11129,11240,11543,12352,13079
C2:158,267,356,957,1387d,2238,2788,3800,4062,4599,4884,4993,5500,6076,6784,7001,7942,9239,9664,10214,10217,11046,11129,11240,11543,12352,13079
C2a:158,267,356,957,1387d,2238,2788,3800,4062,4599,4884,4993,5500,6076,6784,7001,7829,7942,9239,9664,10214,10217,11046,11129,11240,11543,12352,13079
C2a_JN398397:158,163+T,267,356,957,1387d,2238,2788,3800,4062,4599,4884,4993,5500,6076,6784,7001,7829,7942,9239,9664,10214,10217,11046,11129,11240,11543,12352,13079
C2a_HQ439487:158,267,356,957,1387d,2238,2788,3800,4062,4599,4884,4993,5500,6076,6784,7001,7811,7829,7942,8161,9239,9664,10214,10217,11046,11129,11240,11543,12352,12806,13079
C2_JN398396:158,267,356,957,1387d,2238,2788,3800,3975,4062,4884,4993,5500,6076,6784,7001,7942,9239,9664,10214,10217,11046,11129,11240,11543,12352,13079,14656
D:158,356,1387d,1694,2217,2788,4062,4646,5884,6004,6532,6784,7001,8867,9239,9402,10214,10376,11240,11417,11457,11543,12191,12218,12791,13049,13333,13948,14200,14825
D1:158,356,1387d,1694,2217,2788,4062,4646,5497,5884,6004,6532,6784,7001,8867,9239,9402,10214,10376,11240,11417,11457,11543,12191,12218,12791,13049,13333,13948,14200,14825
D1a:158,356,1387d,1694,2217,2788,3557,4062,4646,5497,5884,6004,6532,6784,7001,8867,9239,9402,10214,10376,11240,11417,11457,11543,12191,12218,12791,13049,13333,13948,14200,14825
D1a1_HQ439489:158,356,1387d,1694,2217,2788,3557,4062,4646,5497,5884,6004,6532,6784,7001,8867,9239,9402,10214,10376,11240,11417,11457,11543,12191,12218,12791,13049,13333,13589,13948,14200
D1a2:158,356,1387d,1694,2217,2788,3557,4062,4646,5497,5884,6004,6532,6784,7001,8867,9239,9402,10214,10376,11240,11417,11457,11543,12191,12218,12791,13049,13333,13948,14200
D2:158,287,356,1387d,1694,2188,2217,2788,3412,4062,4646,5884,6004,6532,6784,7001,7982,8110,8867,9239,9384,9402,10214,10376,11240,11417,11457,11543,11690,12191,12218,12785,12791,13049,13333,13948,14200
D2_KF038164:158,287,356,1387d,1694,2188,2217,2788,3412,4062,4646,5884,6004,6532,6784,7001,7982,8110,8867,9239,9384,9402,10214,10376,10631,11240,11417,11457,11543,11690,12191,12218,12785,12791,13049,13333,13948,14200
E-I:158,356,1387d,2788,4062,4646,4669,4830,5884,6004,6307,6784,7001,8005,9239,10214,10376,11240,11543,11842,12767,13049,13333,13502
E-G:158,356,382,387,1387d,2788,4062,4646,4669,4830,5830,5884,6004,6307,6784,7001,8005,8037,9239,9669,10214,10376,10471,11240,11543,11842,12767,12860,13049,13333,13502,14350
E:158,278,356,382,387,1134,1387d,2788,2938,4062,4646,4669,4830,4969,5830,5884,6004,6307,6784,7001,8005,8037,8352,9239,9331,9669,10214,10376,10400,10471,10686,11240,11543,11842,12653,12767,12832,12860,13049,13259,13333,13502,14206,14350,14908
F-G:158,356,382,387,416,1387d,2788,2940,3576,4062,4646,4669,4830,5830,5884,6004,6307,6784,7001,8005,8037,9239,9669,10214,10376,10471,11165,11240,11543,11842,12767,12860,13049,13333,13502,14350,14626,14734
F:158,356,382,387,416,1387d,2788,2940,3371,3562,3576,4062,4646,4669,4830,5830,5884,6004,6307,6784,7001,7504,7746,8005,8037,8789,9239,9669,10214,10376,10471,11165,11240,11543,11820,11842,12767,12860,13042,13049,13333,13502,14350,14626,14734
G:158,222,356,382,387,416,1387d,2788,2940,3053,3576,4062,4646,4669,4830,5498,5830,5881,5884,6004,6307,6688,6784,7001,8005,8037,9239,9402,9669,9741A,10214,10376,10471,11165,11240,11543,11552,11842,12767,12860,13049,13223,13333,13502,14350,14626,14734
G1:158,222,356,382,387,416,1387d,2788,2940,3053,3576,4062,4646,4669,4830,5498,5669,5830,5881,5884,6004,6307,6688,6784,7001,8005,8037,9239,9402,9669,9741A,10214,10376,10471,11165,11240,11543,11552,11842,12767,12860,13049,13223,13333,13502,14350,14626,14734
G1a:158,222,356,382,387,416,1387d,2788,2940,3053,3576,4062,4646,4669,4830,5498,5669,5830,5881,5884,6004,6307,6688,6784,7001,8005,8037,9239,9402,9669,9741A,10214,10376,10471,11165,11240,11543,11552,11842,12767,12860,13049,13223,13333,13502,14350,14626,14651,14734
G1a_JN398405:158,222,356,382,387,416,725,1387d,2788,2940,3053,3576,4062,4646,4669,4830,5498,5669,5830,5881,5884,6004,6307,6688,6784,7001,8005,8037,8043,9239,9402,9669,9741A,10214,10376,10471,11165,11240,11543,11552,11842,12767,12794,12860,13049,13223,13333,13502,14350,14626,14651,14734
G1a_EF597513:158,222,356,382,387,416,1387d,2775,2788G,2940,3053,3576,4062,4646,4669,4830,5498,5669,5830,5881,5884,6004,6307,6688,6784,7001,8005,8037,9239,9402,9669,9741A,10214,10376,10471,11165,11240,11543,11552,11842,12767,12860,13049,13223,13333,13502,14350,14626,14651,14734
G1a_JN398407:158,222,356,382,387,416,1387d,2788,2940,3053,3416,3576,4062,4646,4669,4830,4842,5498,5669,5830,5881,5884,6004,6307,6688,6784,7001,7769,8005,8037,9239,9402,9669,9741A,10214,10376,10471,11165,11240,11543,11552,11842,12767,12860,13049,13223,13333,13502,14350,14626,14651,14734
G1a_HQ439472:158,222,356,382,387,416,1387d,2788,2940,3053,3576,4062,4646,4669,4830,5498,5669,5830,5881,5884,6004,6307,6688,6784,7001,8005,8037,9239,9402,9669,9741A,10214,10376,10471,11165,11240,11543,11552,11842,12767,12860,13049,13223,13333,13502,13812,14350,14626,14651,14734,15297
G1a_HQ439468:158,222,356,382,387,416,1387d,1603,2788,2940,3053,3576,4062,4646,4669,4830,5498,5669,5830,5881,5884,6004,6307,6688,6784,7001,8005,8037,8230,9239,9402,9669,9741A,10214,10376,10471,11165,11240,11543,11552,11842,12767,12860,13049,13079,13223,13333,13502,14350,14626,14651,14734
G1a_HQ439479:158,222,356,382,387,416,1387d,2788,2940,3053,3576,4062,4646,4669,4830,5498,5669,5830,5881,5884,6004,6307,6688,6784,7001,8005,8037,9218,9239,9402,9669,9741A,10214,10376,10471,11165,11240,11543,11552,11842,12767,12860,13049,13223,13333,13502,14350,14626,14651,14734
G1b:158,222,356,382,387,416,1387d,2788,2940,3053,3576,4062,4646,4669,4830,5498,5669,5830,5881,5884,6004,6307,6688,6784,7001,8005,8037,9239,9402,9669,9741A,10214,10376,10471,11165,11240,11543,11552,11842,12767,12860,13049,13223,13333,13502,14350,14476,14626,14734,14825
G1b_HQ439454:158,222,356,382,387,416,1387d,2788,2940,3053,3576,4062,4646,4669,4830,5498,5669,5830,5881,5884,6004,6307,6688,6784,7001,7831,8005,8037,9239,9402,9669,9741A,10214,10376,10471,11165,11240,11453,11543,11552,11842,12767,12860,13049,13223,13333,13502,14350,14476,14626,14734,14825
G1b_HQ439481:158,222,356,382,387,416,1387d,2788,2940,3053,3513,3576,4062,4646,4669,4830,5498,5669,5830,5881,5884,6004,6097,6307,6688,6784,7001,8005,8037,9239,9402,9669,9741A,10214,10376,10471,11165,11240,11543,11552,11842,12767,12860,13049,13223,13333,13502,14350,14473,14476,14626,14734,14825
G2:158,222,356,382,387,416,1387d,2788,2940,3053,3576,4062,4646,4669,4830,5498,5830,5881,5884,6004,6307,6688,6784,7001,8005,8037,9195,9239,9402,9669,9741A,10214,10376,10471,11165,11240,11543,11552,11842,12767,12860,13049,13223,13333,13502,14350,14626,14734
G2a:158,222,356,382,387,416,1387d,2788,2940,3053,3576,4062,4646,4669,4830,5498,5830,5881,5884,6004,6307,6688,6784,7001,8005,8037,8286,8361,9195,9239,9402,9669,9741A,10214,10376,10471,11165,11240,11543,11552,11842,12161,12767,12860,13049,13118,13223,13333,13502,13589,14350,14626,14734
G2a_KC202966:158,222,356,382,387,416,1387d,2788,2940,3053,3576,4062,4646,4669,4830,5498,5830,5881,5884,5998,6004,6307,6688,6784,7001,8005,8037,8286,8361,9195,9239,9402,9669,9741A,10214,10376,10471,11165,11240,11543,11552,11842,12161,12767,12860,13049,13118,13223,13333,13502,13589,14350,14626,14734,15020,15030T
G2a_KC202965:158,222,356,382,387,416,1387d,2788,2940,3053,3576,4062,4646,4669,4830,5498,5830,5881,5884,6004,6307,6688,6784,7001,8005,8037,8286,8361,9195,9239,9304,9402,9669,9741A,10214,10376,10471,11165,11240,11543,11552,11842,12161,12767,12860,13049,13118,13223,13333,13502,13589,14350,14626,14734
G2b:158,222,356,382,387,416,638,1387d,2788,2940,3053,3307,3576,4062,4646,4669,4830,5498,5830,5881,5884,6004,6307,6688,6784,7001,8005,8037,9195,9239,9402,9669,9741A,10214,10376,10471,11165,11240,11543,11552,11842,12767,12860,13049,13223,13333,13502,14350,14626,14734
G3:158,222,356,382,387,416,1387d,2788,2940,3053,3576,4062,4646,4669,4830,5498,5830,5881,5884,6004,6307,6688,6784,7001,7687,8005,8037,9239,9402,9669,9741A,10214,10376,10471,11165,11240,11552,11842,12767,12860,13049,13223,13333,13502,14350,14626,14734
G3a:158,222,356,382,387,416,1387d,2788,2940,3053,3576,4062,4646,4669,4830,5498,5830,5881,5884,6004,6307,6688,6784,7001,7687,8005,8037,9145,9239,9402,9669,9741A,10214,10376,10471,11165,11240,11552,11842,12767,12860,13049,13223,13333,13502,14350,14626,14734
G3a_AP013096:158,222,356,382,387,416,1387d,2788,2940,3053,3576,4062,4646,4669,4830,5498,5830,5881,5884,6004,6307,6688,6784,7001,7687,8005,8037,9145,9239,9402,9669,9741A,10214,10376,10471,11165,11240,11552,11842,12209,12546C,12767,12860,13049,13223,13333,13502,14350,14626,14734
G3a_AP013081:158,222,356,382,387,416,1387d,2788,2940,3053,3576,4062,4646,4669,4830,5498,5777T,5830,5881,5884,6004,6307,6688,6784,7001,7687,8005,8037,9145,9239,9402,9669,9741A,10214,10376,10471,11165,11240,11552,11842,12767,12860,13049,13223,13333,13502,14350,14626,14734
G3a_AP013085:158,222,356,382,387,416,1387d,2788,2940,3053,3576,4062,4646,4669,4830,5498,5830,5881,5884,6004,6307,6688,6784,7001,7687,8005,8037,9145,9239,9402,9669,9741A,10214,10376,10471,11165,11240,11552,11842,12767,12860,13049,13223,13333,13502,14350,14626,14726,14734
G3a_AP013097:158,222,356,382,387,416,1387d,2788,2940,3053,3576,4062,4646,4669,4830,5498,5830,5881,5884,6004,6307,6688,6784,7001,7687,8005,8037,9145,9239,9402,9669,9741A,10214,10376,10471,11165,11240,11552,11842,12209,12767,12860,13049,13223,13333,13502,14350,14626,14734
G3a_AP013086:158,222,356,382,387,416,1387d,2788,2940,3053,3576,4062,4646,4669,4830,5498,5830,5881,5884,6004,6307,6688,6784,7001,7687,8005,8037,9145,9239,9402,9669,9741A,10214,10376,10471,11165,11240,11552,11842,12767,12860,13049,13223,13333,13502,14107G,14350,14626,14734
G3_JN398410:158,222,356,382,387,416,1387d,2788,2940,3053,3576,4062,4399,4646,4669,4830,5392,5498,5830,5881,5884,6004,6307,6688,6784,7001,7687,8005,8037,8174,9145,9239,9402,9669,9741A,10214,10376,10471,11165,11240,11552,11842,12767,12860,13049,13223,13333,13502,14350,14626,14734,15139
G3_JN398411:158,222,356,382,387,416,1387d,2788,2940,3053,3557,3576,4062,4565,4646,4669,4673,4830,5498,5830,5881,5884,6004,6307,6355,6688,6784,7001,7687,8005,8037,9239,9402,9669,9741A,9975,10214,10376,10471,11165,11240,11552,11842,12767,12860,13049,13223,13333,13502,14350,14626,14734,14929
G1'2'3_HQ439443:158,222,356,382,387,416,1387d,2788,2940,3053,3576,4062,4646,4669,4830,5498,5830,5881,5884,6004,6307,6688,6784,7001,8005,8037,9239,9402,9669,9741A,10214,10376,10471,11165,11210,11240,11543,11552,11842,12767,12860,13049,13175,13223,13333,13502,14158,14626,14734
G4:158,222,356,382,387,416,1387d,2788,2940,3053,3576,4062,4646,4669,4830,5498,5723,5830,5881,5884,6004,6307,6688,6784,7001,8005,8037,9239,9402,9669,9741A,10214,10376,10471,11165,11210,11240,11543,11552,11842,12767,12860,13049,13223,13328,13333,13502,14158,14350,14626,14734
H-I:158,356,1387d,2788,4062,4646,4669,4830,5884,6004,6307,6784,7001,8005,9239,10083,10214,10376,11240,11543,11842,12767,13049,13333,13502,13761
H:158,356,1387d,1546,1668,2788,3064,4062,4182,4646,4669,4830,5272,5884,6004,6076,6127,6307,6565,6784,6835,7001,7093,7111,7258,8005,8481,8741,8763,8776,9209,9239,9856,10083,10214,10376,10914,11240,11543,11842,12767,13049,13333,13502,13761,14335,15004,15381d
H_JN398413:158,356,1387d,1546,1668,2788,3064,4062,4182,4394,4646,4669,4830,5272,5884,6004,6076,6127,6307,6565,6784,6835,7001,7093,7111,7258,8005,8481,8618,8741,8763,8776,9209,9239,9856,10083,10214,10376,10914,11240,11543,11842,12767,13049,13333,13502,13761,14335,15004,15381d
H_KC202968:158,356,1387d,1546,1668,2788,3064,4062,4182,4646,4669,4830,5272,5884,6004,6076,6127,6307,6565,6784,6835,7001,7093,7111,7258,7814,8005,8481,8489,8741,8763,8776,9209,9239,9856,10083,10214,10376,10914,11240,11543,11842,12767,13049,13333,13502,13761,14335,15004,15381d
H_HQ439490:158,356,1387d,1546,1668,2788,3064,4062,4182,4646,4669,4830,5272,5884,6004,6076,6127,6307,6565,6784,6835,7001,7093,7111,7258,8005,8481,8741,8763,8776,9209,9239,9856,10083,10214,10376,10914,11240,11543,11842,12767,13049,13333,13502,13761,14335,15004
H_KF038166:158,356,961,1375,1387d,1546,1668,2607,2788,3064,3517,3942,4062,4182,4536,4646,4669,4830,5272,5527,5815,5884,6004,6076,6127,6307,6565,6784,6835,7001,7093,7111,7258,7516,7666,7900,8005,8058,8301,8319,8358,8403,8481,8565,8741,8763,8776,9209,9239,9750,9856,9999,10083,10110,10214,10292,10376,10421,10613,10914,11240,11543,11693,11842,11879,12119,12200,12767,12896,12950,13049,13333,13502,13520,13761,13996T,14335,14803,15004,15313,15381d
I:158,356,1387d,1587,1791,2614,2770,2788,4062,4063,4392,4646,4669,4830,5061,5210,5884,6004,6175,6247,6307,6784,7001,8005,8358,8379,8792,9239,9948,10083,10214,10238,10376,11240,11543,11827,11842,12443,12683,12767,13049,13333,13502,13761,14554
I1:158,356,1387d,1587,1791,2614,2770,2788,4062,4063,4392,4646,4669,4830,5061,5210,5884,6004,6175,6247,6307,6784,7001,8005,8358,8379,8792,9239,9948,10083,10214,10238,10376,11240,11543,11827,11842,12443,12683,12767,13049,13333,13466,13502,13761,14038,14554
I1a:158,356,1387d,1587,1791,2614,2770,2788,3160,4062,4063,4392,4646,4669,4830,5061,5210,5884,6004,6175,6247,6307,6784,7001,8005,8358,8379,8792,9239,9948,10083,10214,10238,10376,11240,11543,11827,11842,12443,12683,12767,13049,13333,13466,13502,13761,14038,14554
I1a1_JN398415:158,356,1387d,1587,1791,2614,2770,2788,3160,4062,4063,4392,4646,4669,4830,4936,5061,5210,5276,5884,6004,6175,6247,6307,6784,7001,8005,8358,8379,8792,9239,9948,10083,10214,10238,10376,11543,11827,11842,12443,12683,12767,13049,13333,13466,13502,13761,13927,14038,14554
I1a_JN398416:158,356,1387d,1587,1791,2614,2770,2788,3160,4062,4063,4392,4646,4669,4830,5061,5210,5884,6004,6175,6247,6307,6784,7001,8005,8230,8358,8379,8792,9239,9948,10083,10214,10238,10376,11240,11543,11827,11842,12443,12683,12767,13049,13333,13394,13466,13502,13761,14038,14554
I1b:158,356,1387d,1587,1791,2614,2770,2788,4062,4063,4392,4646,4669,4830,5061,5210,5884,6004,6175,6247,6307,6784,7001,8005,8358,8379,8792,9239,9948,10083,10214,10238,10376,10699,11240,11543,11827,11842,12443,12683,12767,13049,13333,13466,13502,13761,14038,14554
I1b_JN398414:158,356,1387d,1587,1791,2614,2770,2788,4062,4063,4392,4646,4669,4830,5061,5210,5884,6004,6175,6247,6307,6784,7001,8005,8358,8379,8756,8792,9239,9708,9948,10083,10214,10238,10376,10699,11240,11543,11827,11842,12443,12683,12767,13049,13333,13466,13502,13761,14038,14554
I1b_AP013094:158,356,1387d,1587,1791,2614,2770,2788,4045,4062,4063,4392,4646,4669,4830,5061,5210,5884,6004,6175,6247,6307,6784,7001,8005,8358,8379,8792,9239,9720,9948,10083,10214,10238,10376,10699,11240,11543,11827,11842,12443,12683,12767,13049,13333,13466,13502,13761,14038,14554
I1_HQ439476:158,356,1387d,1587,1791,2614,2770,2788,4062,4063,4392,4646,4669,4830,5061,5210,5884,6004,6175,6247,6307,6784,7001,8005,8358,8379,8792,9239,9948,10083,10214,10238,10376,10699,10793,11240,11543,11827,11842,12443,12683,12767,13049,13333,13466,13502,13761,14038,14554
I2:158,356,1387d,1587,1791,2614,2770,2788,4062,4063,4392,4646,4669,4830,5061,5210,5884,6004,6175,6247,6307,6784,7001,8005,8358,8379,8792,9239,9694,9948,10083,10214,10238,10376,11240,11543,11827,11842,12404,12443,12683,12767,13049,13333,13502,13761,14554
I2a1a_KC202979:158,356,1387d,1587,1791,2614,2770,2788,4062,4063,4392,4646,4669,4830,5061,5210,5884,6004,6175,6247,6307,6784,7001,8005,8358,8379,8792,9239,9694,9948,10062,10083,10089,10095,10173,10214,10238,10376,11240,11543,11827,11842,12404,12443,12653,12683,12767,13049,13333,13502,13761,14554
I2a1_KC202977:158,356,1387d,1587,1791,2770,2788,4062,4063,4392,4646,4669,4830,5061,5210,5884,6004,6175,6247,6307,6784,7001,8005,8358,8379,8792,9239,9694,9948,10083,10214,10238,10376,11240,11543,11827,11842,12404,12443,12683,12767,13049,13333,13502,13761,14554,14803
I2a2:158,356,1387d,1587,1791,2614,2770,2788,4062,4063,4392,4646,4669,4830,5061,5210,5884,6004,6175,6247,6307,6784,7001,8005,8358,8379,8792,9239,9694,9948,10083,10214,10238,10376,11240,11543,11827,11842,12404,12443,12633,12683,12767,13049,13333,13502,13720,13761,14554
I2b2a:158,356,1387d,1587,1791,2614,2770,2788,4062,4063,4392,4646,4669,4830,5061,5210,5884,6004,6175,6247,6307,6784,7001,8005,8358,8379,8792,9239,9694,9948,10083,10214,10238,10376,11240,11543,11827,11842,12404,12443,12633,12683,12767,13049,13333,13502,13720,13761,14554
I2b2a1_KC202976:158,356,1387d,1587,1791,2614,2770,2788,4062,4063,4392,4646,4669,4830,5061,5210,5220G,5884,6004,6175,6247,6307,6784,7001,8005,8358,8379,8792,9239,9694,9948,10083,10214,10238,10376,11240,11543,11827,11842,12404,12443,12633,12683,12767,13049,13333,13502,13720,13761,14554
I2b2a1_KC202981:158,356,1387d,1587,1791,2614,2770,2788,3568,4062,4063,4392,4646,4669,4830,5061,5210,5884,6004,6175,6247,6307,6784,7001,8005,8358,8379,8792,9239,9694,9948,10083,10214,10238,10376,11240,11543,11827,11842,12404,12443,12633,12683,12767,13049,13333,13502,13720,13761,14554
I2b2a_KC202974:158,356,1387d,1587,1791,2614,2770,2788,4062,4063,4392,4646,4669,4830,5061,5210,5884,6004,6175,6247,6307,6784,7001,8005,8358,8379,8792,9239,9694,9948,10083,10214,10238,10376,11240,11543,11827,11842,12404,12443,12633,12683,12767,13049,13502,13720,13761,14554
I2a2_KC202978:158,356,1387d,1587,1791,2614,2770,2788,4062,4063,4392,4646,4669,4830,5061,5210,5884,6004,6175,6247,6307,6784,7001,8005,8358,8379,8792,9239,9304,9694,9948,10083,10214,10238,10376,11240,11543,11827,11842,12404,12443,12633,12683,12767,13049,13333,13502,13720,13761,14554
I2a3_HQ439499_HQ439497:158,356,1387d,1587,1606,1791,2614,2770,2788,4062,4063,4392,4646,4669,4830,5061,5210,5884,6004,6175,6247,6307,6784,7001,8005,8358,8379,8792,9239,9694,9948,10083,10214,10238,10376,11240,11543,11827,11842,12404,12443,12683,12767,13049,13333,13502,13761,14554
I2a4_HQ439463:158,356,1387d,1587,1791,2614,2770,2788,4062,4063,4392,4646,4669,4830,5061,5210,5884,6004,6175,6247,6307,6784,7001,8005,8187,8358,8379,8792,9239,9251,9694,9948,10083,10214,10238,10376,11240,11543,11827,11842,12404,12443,12683,12767,13049,13333,13502,13761,14554
I2a_KF038161:4T,158,287,356,1387d,1587,1791,2614,2770,2788,4062,4063,4392,4646,4669,4830,5061,5210,5884,6004,6175,6247,6307,6784,7001,8005,8358,8379,8792,9239,9694,9948,10083,10214,10238,10376,11240,11543,11827,11842,12404,12443,12683,12767,13049,13333,13502,13761,14554
I2b:158,356,1387d,1587,1791,2614,2770,2788,4062,4063,4290,4392,4646,4669,4830,5061,5210,5884,6004,6175,6247,6307,6784,7001,8005,8074,8358,8379,8792,9239,9694,9948,10083,10214,10238,10376,11240,11543,11827,11842,12404,12443,12683,12725,12767,13049,13333,13502,13761,14554,15100
JK:158,356,961,1155,1387d,2788,2863,3070,3942,3963,4062,4296,4332,4536,4608,4646,4669,5527,5884,6004,6307,6388,6784,6877,7001,7057,7201,7666,8005,8082,8358,8442,8565,9071,9239,9396,10110,10214,10217,10376,11240,11543,11842,11879,12332,12767,13049,13229,13333,13336,13948,14395,14551,14803
J:158,160,356,384T,961,1155,1387d,2263,2788,2863,3070,3942,3963,4062,4188,4296,4332,4536,4608,4646,4669,4785,5527,5884,6004,6307,6388,6472,6784,6877,7001,7057,7201,7576,7666,8005,8082,8289,8358,8442,8565,9071,9239,9248,9396,10110,10214,10217,10376,11081,11240,11543,11821,11842,11879,11933,12332,12767,13049,13124,13229,13333,13336,13948,14395,14551,14803
J1:158,160,356,384T,961,1155,1243,1387d,2263,2788,2863,3070,3283,3942,3963,4062,4188,4296,4332,4536,4608,4646,4669,4782,4785,5527,5884,6004,6283,6307,6388,6472,6784,6877,7001,7057,7201,7576,7666,8005,8082,8289,8358,8442,8545,8565,9071,9239,9248,9396,10110,10214,10217,10277,10376,11081,11240,11543,11821,11842,11879,11933,12332,12767,13049,13124,13229,13333,13336,13948,14395,14551,14803
J1_JN398418:158,160,356,384T,961,1155,1243,1387d,1520,2263,2788,2863,3070,3283,3942,3963,4062,4188,4296,4332,4536,4608,4646,4669,4782,4785,5527,5884,6004,6283,6307,6388,6472,6784,6877,7001,7057,7201,7576,7666,8005,8082,8289,8358,8442,8545,8565,9071,9239,9248,9396,10110,10214,10217,10277,10376,11081,11240,11543,11821,11842,11879,11933,12332,12767,13049,13124,13229,13333,13336,13948,14395,14551,14803
J1_KF038163:4C,158,160,287,356,384T,961,1155,1243,1387d,1427,2263,2788,2863,3070,3283,3942,3963,4062,4188,4296,4332,4536,4608,4646,4669,4782,4785,5527,5884,6004,6283,6307,6388,6472,6658,6784,6877,7001,7057,7201,7576,7666,8005,8082,8289,8358,8442,8545,8565,9071,9239,9248,9396,10110,10214,10217,10277,10376,11081,11240,11543,11821,11842,11879,11933,12332,12767,13049,13124,13229,13333,13336,13696,13948,14395,14551,14803
J2:158,160,356,384T,404,881,961,1155,1387d,2263,2788,2863,3070,3942,3963,4062,4188,4296,4332,4536,4608,4646,4669,4785,4960,5527,5884,6004,6307,6388,6472,6784,6865,6877,7001,7057,7201,7576,7666,8005,8082,8289,8358,8442,8565,9071,9239,9248,9396,10110,10214,10217,10376,11081,11240,11543,11821,11842,11879,11933,12332,12767,13049,13065,13124,13229,13325,13333,13336,13559,13948,14395,14551,14803,14825
K:158,356,961,1155,1387d,2788,2803,2863,3070,3283,3364,3424,3942,3963,4062,4296,4332,4536,4608,4646,4669,4893,5527,5569,5695,5884,6004,6307,6388,6784,6877,7001,7057,7201,7666,8005,8075,8082,8358,8442,8565,8585,8631,8660,9071,9239,9393,9396,9792,10110,10214,10217,10376,10415,11000,11240,11543,11842,11850,11879,12332,12707,12767,13049,13229,13333,13336,13948,14175,14395,14551,14803,15010,15171,15227
L:158,356,961,1375,1387d,2788,2899,3517,3942,4062,4536,4646,4669,5527,5815,5884,6004,6307,6784,7001,7516,7666,7900,8005,8058,8301,8319,8358,8565,9239,9951,10110,10214,10292,10376,10421,10613,11240,11543,11693,11842,11879,12119,12200,12767,12896,12950,13049,13333,13520,14803,14995,15313
L1:158,356,961,1375,1387d,2788,2899,3517,3942,4062,4536,4646,4669,5527,5815,5884,6004,6307,6784,7001,7516,7666,7900,8005,8058,8301,8319,8358,8565,9239,9951,10110,10214,10292,10376,10421,10613,11240,11543,11682,11693,11842,11879,12119,12200,12767,12896,12950,13049,13333,13520,14803,14995,15313
L1a:158,356,961,1375,1387d,2788,2899,3517,3942,4062,4536,4646,4669,5527,5815,5884,6004,6307,6784,7001,7516,7666,7900,8005,8058,8301,8319,8358,8565,9239,9684,9951,10110,10214,10292,10376,10421,10613,11240,11543,11682,11693,11842,11879,12119,12200,12767,12896,12950,13049,13333,13520,14803,14995,15313
L1a1a_HQ439446:158,356,961,1375,1387d,2788,2899,3517,3942,4062,4536,4646,4669,5527,5815,5884,6004,6307,6784,7001,7516,7666,7900,8005,8058,8142A,8301,8319,8358,8565,9239,9684,9951,10110,10214,10292,10376,10421,10613,11240,11543,11682,11693,11842,11879,12119,12200,12767,12896,12950,13040,13049,13333,13520,14803,14995,15313
L1a1a_HQ439451:158,356,961,1375,1387d,2788,2899,3517,3942,4062,4536,4646,4669,5527,5815,5884,6004,6307,6784,7001,7516,7666,7900,8005,8058,8301,8319,8358,8565,9239,9684,9951,10110,10214,10292,10376,10421,10613,11240,11543,11682,11693,11842,11879,12119,12200,12767,12896,12950,13049,13333,13520,14252,14803,14995,15313
L1a1a_HQ439483:158,356,961,1375,1387d,2788,2899,3517,3942,4062,4536,4646,4669,5527,5815,5884,6004,6307,6784,7001,7516,7666,7900,8005,8058,8301,8319,8358,8565,9239,9684,9951,10110,10214,10292,10376,10421,10613,10956,11240,11543,11682,11693,11842,11879,12119,12200,12767,12896,12950,13049,13333,13520,14803,14995,15313
L1a1_KC203002:158,356,961,1375,1387d,2788,2899,3517,3942,4062,4536,4646,4669,5527,5815,5884,6004,6307,6784,7001,7516,7666,7900,8005,8058,8301,8319,8358,8565,9239,9684,9951,10110,10214,10292,10376,10421,10613,11240,11543,11682,11693,11783,11842,11879,12119,12200,12767,12896,12950,13049,13333,13520,14789,14803,14995,15313
L1a2:158,356,961,1375,1387d,2788,2899,3517,3942,4062,4536,4646,4669,5527,5815,5884,6004,6307,6784,7001,7516,7666,7900,8005,8058,8301,8319,8358,8565,9239,9684,9951,10110,10214,10292,10376,10421,10613,10982,11240,11543,11682,11693,11842,11879,12119,12200,12767,12896,12950,13040,13049,13333,13520,14803,14995,15313
L1b:158,356,961,1375,1387d,2788,2899,3517,3942,4062,4536,4646,4669,5527,5815,5884,6004,6307,6784,7001,7516,7666,7900,8005,8058,8172,8301,8319,8358,8565,9239,9951,10110,10214,10292,10376,10421,10613,11240,11543,11682,11693,11842,11879,12119,12200,12767,12896,12950,13049,13333,13520,14359,14803,14995,15313
L1b1:158,356,961,1375,1387d,2788,2899,3517,3942,4062,4536,4646,4669,5527,5815,5884,6004,6307,6784,7001,7516,7666,7900,8005,8058,8172,8301,8319,8358,8361,8565,9239,9951,10110,10214,10292,10376,10421,10613,11240,11543,11682,11693,11842,11879,12119,12200,12767,12896,12950,13049,13333,13520,14359,14803,14995,15313
L1b1_JN398422:158,356,961,1375,1387d,2788,2899,3517,3942,4062,4536,4646,4669,5527,5815,5884,6004,6307,6784,7001,7516,7666,7900,8058,8172,8301,8319,8358,8361,8565,9239,9951,10110,10214,10292,10376,10421,10613,11240,11543,11682,11693,11842,11879,12119,12200,12767,12896,12950,13049,13333,13520,14359,14803,14995,15313
L1b1_HQ439498:158,356,961,1375,1387d,2788,2899,3379,3517,3942,4062,4536,4646,4669,5527,5815,5884,6004,6307,6784,7001,7516,7666,7900,8005,8058,8172,8301,8319,8358,8361,8565,9239,9951,10110,10214,10292,10376,10421,10613,11240,11543,11682,11693,11842,11879,12119,12200,12767,12896,12950,13049,13333,13520,14359,14803,14995,15313
L1b_JN398423:158,356,961,1375,1387d,2788,2899,3517,3942,4062,4536,4646,4669,5527,5815,5884,6004,6064,6307,6784,7001,7516,7666,7900,8005,8058,8172,8301,8319,8358,8565,9239,9951,10110,10214,10292,10376,10421,10613,11240,11543,11682,11693,11842,11879,12119,12200,12767,12896,12950,13049,13333,13484,13520,14359,14803,14995,15313
L1c:158,356,961,1375,1387d,2477,2788,2899,3517,3942,4062,4536,4646,4669,4901,5527,5815,5884,6004,6307,6784,7001,7516,7666,7900,8005,8058,8301,8319,8358,8565,9239,9951,10110,10214,10292,10376,10421,10613,11240,11543,11682,11693,11842,11879,12119,12200,12767,12896,12950,13049,13333,13520,14803,14995,15313
L2:158,356,961,1375,1387d,2607,2788,2899,3517,3942,4062,4536,4646,4669,5527,5815,5884,6004,6307,6784,7001,7516,7666,7900,8005,8058,8301,8319,8358,8565,9239,9951,10110,10214,10292,10376,10421,10613,11240,11543,11693,11842,11879,12119,12200,12767,12896,12950,13049,13333,13520,14803,14995,15313
L2a:158,356,961,1375,1387d,2607,2788,2899,3517,3942,4062,4536,4646,4669,5527,5815,5884,6004,6307,6784,7001,7516,7666,7900,8005,8058,8301,8319,8358,8403,8565,9239,9951,10110,10214,10292,10376,10421,10613,11240,11543,11693,11842,11879,12119,12200,12767,12896,12950,13049,13333,13520,14803,14995,15313
L2a1:158,356,961,1375,1387d,2607,2788,2899,3517,3942,4062,4536,4646,4669,5527,5815,5884,6004,6307,6784,7001,7516,7666,7900,8005,8058,8301,8319,8358,8403,8565,9239,9951,10110,10214,10292,10376,10421,10613,11240,11543,11693,11842,11879,12119,12200,12767,12896,12950,13049,13333,13520,13785,14803,14995,15313
L2a1a:158,356,961,1375,1387d,2607,2788,2899,3517,3942,4062,4536,4646,4669,5500,5527,5815,5884,5932,6004,6307,6784,7001,7516,7666,7900,8005,8058,8301,8319,8358,8403,8481,8565,9239,9951,10110,10214,10292,10376,10421,10613,11240,11543,11693,11842,11879,12119,12200,12671,12767,12896,12950,13049,13333,13520,13785,14029,14803,14995,15313
L2a1a_HQ439494:158,356,961,1375,2607,2788,2899,3517,3942,4062,4536,4646,4669,5500,5527,5815,5884,5932,6004,6307,6784,7001,7516,7666,7900,8005,8058,8301,8319,8358,8403,8481,8565,9239,9951,10110,10214,10292,10376,10421,10613,11240,11543,11693,11842,11879,12119,12200,12671,12767,12896,12950,13049,13333,13520,13785,14029,14803,14995,15313
L2a1_JN398427:158,356,961,1375,1387d,2607,2788,2899,3517,3557,3942,4062,4536,4646,4669,5527,5815,5884,6004,6307,6784,7001,7516,7666,7900,8005,8058,8301,8319,8358,8403,8565,9239,9951,10110,10214,10292,10376,10421,10613,11240,11543,11693,11842,11879,12119,12200,12767,12896,12950,13049,13265,13333,13520,13785,14803,14995,15313
L2a1_JN398428:158,356,961,1375,1387d,2607,2788,2899,3517,3942,4062,4536,4646,4669,5527,5815,5884,6004,6307,6784,7001,7516,7666,7900,8005,8058,8301,8319,8358,8403,8565,9239,9951,10110,10214,10292,10376,10421,10613,11240,11543,11693,11842,11879,12119,12200,12767,12896,12950,13049,13333,13391,13520,13785,14803,14995,15313
L2a1_AP013091:158,356,961,1375,1387d,2607,2788,2899,3517,3942,4062,4536,4557,4646,4669,5527,5815,5884,6004,6307,6784,7001,7516,7666,7900,8005,8058,8301,8319,8358,8403,8565,9239,9951,10110,10214,10292,10376,10421,10613,11240,11543,11693,11842,11879,12119,12200,12767,12896,12950,13049,13333,13520,13785,14803,14995,15313
L2a2:158,356,961,1375,1387d,2607,2788,2899,3517,3942,4062,4536,4646,4669,5527,5815,5884,6004,6307,6784,7001,7516,7666,7900,8005,8058,8199,8301,8319,8358,8403,8565,9239,9951,10110,10214,10292,10376,10421,10613,11240,11543,11693,11842,11879,12119,12200,12767,12896,12950,13049,13333,13520,14803,14995,15313
L2a2a:158,356,961,1375,1387d,2607,2788,2899,3517,3942,4062,4536,4646,4669,5527,5815,5884,6004,6307,6784,7001,7516,7666,7900,8005,8058,8199,8301,8319,8358,8403,8565,9239,9951,10110,10214,10292,10376,10421,10613,11240,11543,11693,11842,11879,12119,12200,12767,12896,12950,13049,13333,13520,14803,14825,14995,15313
L2a2a_JN398429:158,356,961,1375,1387d,2607,2788,2899,3517,3942,4062,4536,4646,4669,5527,5815,5884,6004,6307,6784,7001,7516,7666,7900,8005,8058,8199,8301,8319,8358,8403,8565,9239,9951,10110,10214,10292,10376,10421,10613,11240,11543,11693,11842,11879,12119,12200,12767,12896,12950,13049,13333,13520,14252,14803,14825,14995,15313
L2a2a_HQ439452:158,356,961,1375,1387d,1837,2607,2788,2899,3517,3942,4062,4536,4646,4669,5527,5815,5884,6004,6307,6784,7001,7516,7666,7900,8005,8058,8199,8301,8319,8358,8403,8565,9239,9951,10110,10214,10292,10376,10421,10613,11240,11543,11693,11842,11879,12119,12200,12767,12896,12950,13049,13333,13520,14803,14825,14995,15313
L2a2a_HQ439492:158,356,961,1375,1387d,2607,2788,2899,3517,3942,4062,4536,4646,4669,5527,5815,5884,6004,6307,6619,6784,7001,7516,7666,7900,8005,8058,8199,8301,8319,8358,8403,8565,9239,9951,10110,10214,10292,10376,10421,10613,11240,11543,11693,11842,11879,12119,12200,12767,12896,12950,13049,13333,13520,14803,14825,14995,15313
L2a2_AP013079:158,356,575,961,1375,1387d,2289,2607,2788,2899,3517,3942,4062,4536,4646,4669,5527,5815,5884,6004,6298,6307,6784,7001,7516,7666,7900,8005,8058,8199,8301,8319,8358,8403,8565,9239,9951,10110,10214,10292,10376,10421,10613,11240,11543,11693,11842,11879,12119,12200,12767,12896,12950,13049,13333,13520,14803,14995,15313
L2a2_JN398430:158,356,961,1375,1387d,2607,2788,2899,3517,3942,4062,4536,4646,4669,5527,5815,5884,6004,6307,6784,7001,7516,7666,7900,8005,8058,8199,8301,8319,8358,8403,8565,9239,9951,10051,10110,10214,10292,10376,10421,10613,11240,11543,11693,11842,11879,12119,12200,12767,12896,12950,13049,13333,13520,14803,14995,15313
L2a2_HQ439459:158,356,961,1375,1387d,1521,2607,2788,2899,3517,3942,4062,4536,4646,4669,5527,5815,5884,5998,6004,6307,6784,7001,7516,7666,7900,8005,8058,8199,8301,8319,8358,8403,8565,9239,9716,9951,10110,10214,10292,10376,10421,10613,11240,11543,11693,11842,11879,12119,12200,12767,12896,12950,13049,13333,13520,14803,14995,15313
L2a2_HQ439493:158,180,356,961,1375,1387d,2607,2788,2899,3517,3942,4062,4536,4646,4669,5527,5815,5884,6004,6307,6784,7001,7516,7666,7900,8005,8058,8199,8301,8319,8358,8403,8565,9239,9951,10110,10214,10292,10376,10421,10613,11240,11543,11693,11842,11879,12119,12200,12767,12896,12950,13049,13333,13520,14803,14995,15313
L2a2_KF038165:158,287,356,961,1375,1387d,2607,2788,2899,3517,3942,4062,4536,4646,4669,5527,5815,5884,6004,6307,6784,7001,7516,7666,7900,8005,8058,8199,8301,8319,8358,8403,8565,9239,9951,9999,10110,10214,10292,10376,10421,10613,11240,11543,11693,11842,11879,12119,12200,12767,12896,12950,13049,13333,13520,14803,14995,15313
L2b:158,356,961,1375,1387d,2607,2788,2899,3517,3727,3942,4062,4536,4646,4669,5527,5815,5884,6004,6307,6784,7001,7516,7666,7900,8005,8058,8301,8319,8358,8565,9239,9951,10110,10214,10292,10376,10421,10613,11240,11543,11693,11842,11879,12119,12200,12767,12896,12950,13049,13333,13520,14803,14995,15313
L2b1a:158,356,961,1375,1387d,2607,2788,2899,3517,3727,3942,4062,4536,4646,4669,5527,5815,5884,6004,6307,6784,7001,7516,7666,7900,8005,8058,8301,8319,8358,8565,9239,9951,10087,10110,10214,10292,10376,10421,10613,11240,11543,11693,11842,11879,12119,12200,12767,12896,12950,13049,13333,13520,14803,14995,15313
L2b1a1_HQ439470:158,356,961,1375,1387d,2607,2788,2899,3517,3727,3942,4062,4536,4646,4669,4757,5527,5815,5884,6004,6307,6784,7001,7516,7666,7900,8005,8058,8301,8319,8358,8565,9239,9951,10087,10110,10214,10292,10376,10421,10613,11240,11543,11693,11842,11879,12119,12200,12767,12896,12950,13049,13333,13520,14803,14995,15313
L2b2:158,356,961,1375,1387d,2607,2788,2899,3517,3727,3942,4062,4536,4646,4669,5527,5815,5884,6004,6307,6784,7001,7516,7666,7900,8005,8058,8301,8319,8358,8565,9239,9951,10110,10214,10292,10376,10421,10613,11240,11543,11693,11842,11879,12119,12200,12494,12767,12896,12950,13049,13333,13520,14803,14995,15313
L3:77,158,356,961,1375,1387d,2788,2899,3517,3942,4062,4536,4646,4669,5527,5815,5884,6004,6307,6784,7001,7516,7666,7900,8005,8058,8301,8319,8358,8565,9239,9951,10110,10214,10292,10376,10421,10613,11240,11543,11693,11842,11879,12119,12200,12767,12896,12950,13049,13333,13520,14803,14995,15313
L3a1:77,158,356,961,1375,1387d,2788,2899,3517,3942,4062,4536,4646,4669,5527,5815,5884,6004,6307,6784,7001,7516,7666,7900,8005,8058,8301,8319,8358,8565,9239,9951,10110,10214,10292,10376,10421,10613,11084,11240,11543,11693,11842,11879,12119,12200,12767,12896,12950,13049,13333,13520,14803,14995,15313
L3a1a1:77,158,356,961,1375,1387d,2788,2899,3517,3942,4062,4536,4646,4669,5527,5815,5884,6004,6307,6784,7001,7516,7666,7900,8005,8058,8301,8319,8358,9239,9951,10110,10214,10292,10376,10421,10613,11084,11240,11543,11693,11842,11879,12119,12200,12767,12896,12950,13016,13049,13333,13520,14803,14995,15133,15313
L3a1a1_KC202998:77,158,356,961,1375,1387d,2788,2899,3517,3942,4062,4536,4646,4669,5527,5815,5884,6004,6307,6784,7001,7516,7666,7900,8005,8058,8301,8319,8358,9239,9951,10110,10214,10292,10376,10421,10613,11084,11240,11543,11693,11842,11879,12119,12767,12896,12950,13016,13049,13333,13466,13520,14803,14995,15133,15313
L3a1a1_KC203021:77,158,356,961,1375,1387d,2788,2899,3517,3942,4062,4536,4646,4669,5527,5815,5884,6004,6307,6784,7001,7516,7666,7900,8005,8058,8301,8319,8358,9239,9304,9951,10110,10214,10292,10376,10421,10613,11084,11240,11543,11693,11842,11879,12119,12200,12767,12896,12950,13016,13049,13333,13520,14803,14995,15133,15313
L3a1a_JN398433:77,158,356,961,1375,1387d,2788,2799,2899,3517,3942,4062,4536,4646,4669,5527,5815,5884,6004,6307,6784,7001,7516,7666,7900,8005,8058,8301,8319,8358,8565,9239,9951,10110,10214,10292,10376,10421,10613,11084,11240,11543,11693,11842,11879,12119,12200,12767,12896,12950,13049,13333,13520,14803,14995,15313
L3a1a_KC202995:77,158,356,961,1375,1387d,2788,2899,3517,3942,4062,4536,4646,4669,5527,5815,5884,6004,6307,6784,7001,7516,7666,7900,8005,8058,8301,8319,8358,8565,9239,9951,10110,10214,10292,10376,10421,10613,11084,11240,11543,11693,11842,11879,12119,12200,12314,12767,12896,12950,13049,13333,13520,14803,14995,15313
L3a1b:77,158,356,961,1375,1387d,2788,2899,3517,3942,4062,4536,4646,4669,5527,5815,5884,6004,6307,6784,7001,7516,7666,7900,8005,8058,8301,8319,8358,8565,9239,9951,10110,10214,10292,10376,10421,10613,11084,11240,11543,11693,11842,11879,12119,12200,12767,12896,12950,13049,13164,13333,13520,14803,14995,15313
L3a1b1:77,158,356,961,1375,1387d,2788,2899,3220,3517,3942,4062,4536,4646,4669,5527,5815,5884,6004,6307,6784,7001,7516,7666,7900,8005,8058,8301,8319,8358,8565,9239,9951,10110,10214,10292,10376,10421,10613,11084,11240,11543,11693,11842,11879,12119,12200,12767,12896,12950,13049,13164,13333,13520,14803,14995,15313
L3a1b1a:77,158,356,961,1375,1387d,2788,2899,3220,3517,3942,4062,4536,4646,4669,5527,5815,5884,6004,6307,6784,7001,7516,7666,7900,8005,8058,8301,8319,8358,8565,9239,9951,10110,10214,10292,10376,10421,10613,11084,11240,11543,11693,11842,11879,12119,12200,12767,12896,12950,13049,13164,13333,13520,14231A,14803,14995,15313
L3a1b1a_KC202989:77,158,356,961,1375,1387d,2788,2899,3220,3517,3942,4062,4536,4646,4669,5527,5815,5884,6004,6307,6784,7001,7516,7666,7900,8005,8058,8301,8319,8358,8565,9239,9951,10110,10214,10292,10376,10421,10613,11240,11543,11693,11842,11879,12119,12200,12767,12896,12950,13049,13164,13333,13520,14231A,14803,14995,15313
L3a1b1a_KC202985:77,158,356,961,1375,1387d,2788,2899,3220,3517,3942,4062,4201,4536,4646,4669,5527,5815,5884,6004,6307,6784,7001,7516,7666,7900,8005,8058,8301,8319,8358,8565,9239,9951,10110,10214,10292,10376,10421,10613,11084,11240,11543,11693,11842,11879,12119,12200,12767,12896,12950,13049,13164,13333,13520,14231A,14803,14995,15313
L3a1b1a_KC202986:77,158,356,961,1375,1387d,2339,2788,2899,3220,3517,3942,4062,4536,4646,4669,5527,5815,5884,6004,6307,6784,7001,7516,7666,7900,8005,8058,8301,8319,8358,8565,9239,9951,10110,10214,10292,10376,10421,10613,11084,11240,11543,11693,11842,11879,12119,12200,12767,12896,12950,13049,13164,13333,13520,14231A,14803,14995,15313
L3a1b1a_KC202993:77,158,356,961,1375,1387d,2788,2899,3220,3517,3942,4062,4536,4646,4669,5527,5815,5884,6004,6307,6784,7001,7516,7666,7900,8005,8058,8301,8319,8358,8565,9239,9342T,9961,10214,10292,10376,10421,10613,11084,11240,11543,11693,11842,11879,12119,12200,12767,12896,12950,13049,13164,13333,13520,14231A,14803,14995,15313
L3a1b1a_KC203004:77,158,356,961,1375,1387d,2788,2899,3220,3517,3942,4062,4536,4646,4669,5527,5815,5884,6004,6307,6784,7001,7516,7666,7900,8005,8058,8301,8319,8358,8565,9239,9951,10110,10214,10292,10376,10421,10613,11084,11240,11543,11693,11842,11879,12200,12767,12896,12950,13049,13164,13333,13520,14231A,14803,14995,15313
L3a1b1a_KC203020:77,158,356,961,1375,1387d,2788,2899,3220,3517,3942,4062,4536,4646,4669,5527,5815,5884,6004,6307,6784,7001,7516,7666,7900,8005,8058,8301,8319,8358,8565,9239,9304,9951,10110,10214,10292,10376,10421,10613,11084,11240,11543,11693,11842,11879,12119,12200,12767,12896,12950,13049,13164,13333,13520,14231A,14803,14995,15313
L3a1b2:77,158,356,961,1375,1387d,2788,2899,3568,3942,4062,4536,4646,4669,5527,5815,5884,6004,6307,6784,7001,7324C,7325,7516,7666,7900,8005,8058,8301,8319,8358,8565,9239,9951,10110,10214,10292,10376,10421,10613,11084,11240,11543,11693,11842,11879,12119,12200,12763T,12767,12896,12950,13049,13164,13333,13520,14231A,14803,14995,15313
L3a1c:77,158,356,961,1375,1387d,2788,2899,3517,3557,3942,4062,4536,4646,4669,5527,5815,5884,6004,6307,6784,7001,7516,7666,7900,8005,8058,8301,8319,8358,8565,9239,9951,10110,10214,10292,10376,10421,10613,11084,11240,11543,11693,11842,11879,12119,12200,12398,12767,12896,12950,13049,13333,13520,14803,14995,15313
L3a2_HQ439453:77,158,356,961,1375,1387d,2788,2899,3517,3942,4062,4536,4646,4669,5527,5815,5884,6004,6307,6784,7001,7516,7666,7840,7900,8005,8058,8301,8319,8358,8565,9239,9398,9951,10110,10214,10292,10376,10421,10613,11240,11543,11693,11842,11879,12119,12200,12767,12896,12950,13049,13333,13520,14803,14825,14995,15313
L3a2_HQ439473:77,158,356,961,1375,1387d,2788,2899,3517,3942,4062,4536,4646,4669,5527,5815,5884,6004,6307,6784,7001,7202T,7516,7666,7900,8005,8058,8301,8319,8358,8565,9239,9951,10110,10214,10292,10376,10421,10613,11240,11288,11543,11693,11842,11879,12119,12200,12767,12896,12950,13049,13333,13520,14803,14995,15313
L3a_JN398434:77,158,356,961,1375,1387d,2788,2899,2940,3517,3942,4062,4536,4646,4669,5527,5815,5884,6004,6307,6784,7001,7206,7516,7666,7900,8005,8058,8301,8319,8358,8565,9239,9951,10110,10214,10292,10376,10421,10613,11240,11543,11693,11842,11879,12119,12200,12767,12896,12950,13049,13333,13520,14803,14995,15313
L3b:77,158,356,961,1375,1387d,2788,2899,3517,3557,3942,4062,4536,4646,4669,5527,5815,5884,6004,6307,6784,7001,7516,7666,7900,8005,8058,8301,8319,8358,8565,9239,9951,10110,10214,10292,10376,10421,10613,11240,11543,11693,11842,11879,12119,12200,12767,12896,13049,13333,13520,14803,14995,15313
L4:158,356,961,1375,1387d,2788,2899,3517,3942,4062,4536,4646,4669,5527,5815,5884,6004,6307,6784,7001,7516,7666,7900,8005,8058,8301,8307,8319,8358,8565,9239,9951,10110,10214,10292,10376,10421,10613,11240,11543,11693,11842,11879,12119,12200,12314,12767,12896,12950,13049,13333,13520,14659,14803,14995,15313
L4a:158,356,961,1375,1387d,1459,2788,2899,3517,3942,4062,4536,4646,4669,5527,5815,5884,6004,6307,6784,7001,7516,7666,7900,8005,8058,8301,8307,8319,8358,8565,9239,9951,10110,10214,10292,10376,10421,10613,11240,11543,11693,11842,11879,12119,12200,12314,12767,12896,12950,13049,13333,13520,14659,14803,14995,15313
L4a_KC202999:158,356,961,1375,1387d,1459,2788,2899,3517,3942,4062,4536,4646,4669,5527,5815,5884,6004,6307,6784,7001,7516,7666,7900,8005,8058,8301,8307,8319,8358,8565,9239,9951,10110,10214,10292,10376,10421,10613,11240,11543,11693,11842,11879,12119,12200,12314,12767,12896,12950,13049,13333,14659,14803,14995,15313
L4a_KC203003:158,356,961,1375,1387d,1459,2788,2899,3517,3942,4062,4536,4646,4669,5527,5815,6004,6307,6784,7001,7516,7666,7900,8005,8058,8301,8307,8319,8358,8565,9239,9951,10110,10214,10292,10376,10421,10613,11240,11543,11693,11842,11879,12119,12200,12314,12767,12896,12950,13049,13333,13520,14659,14803,14995,15313
L4a_KC203005:158,356,961,1375,1387d,1459,2788,2899,3517,3942,4062,4536,4646,4669,5527,5815,5884,6004,6307,6784,7001,7516,7666,7900,8005,8058,8301,8307,8319,8358,8565,9239,9951,10110,10214,10292,10376,10421,10456G,10613,11240,11543,11693,11842,11879,12119,12200,12314,12767,12896,12950,13049,13333,13520,14659,14803,14995,15313
L4a_KC203012:158,356,961,1375,1387d,1459,2788,2899,3517,3942,4062,4536,4646,4669,5527,5815,5884,6004,6307,6784,7001,7516,7666,7900,8005,8058,8301,8307,8319,8358,8565,9239,9951,10110,10214,10292,10376,10421,10613,11240,11543,11693,11842,11879,12119,12200,12314,12404,12767,12950,13049,13333,13520,14659,14803,14995,15313
L4a_HQ439478:158,356,961,1375,1387d,1459,2788,2899,3517,3942,4062,4536,4646,4669,5527,5815,5884,6004,6307,6784,7001,7516,7666,7900,8005,8058,8301,8307,8319,8358,8565,9239,9951,10110,10214,10292,10376,10421,10613,11240,11543,11693,11842,11879,12119,12200,12767,12896,12950,13049,13333,13520,14659,14803,14995,15313
L4a_KC202987:158,356,961,1375,1387d,1459,2788,2899,3517,3942,4062,4536,4646,4669,5527,5815,5884,6004,6307,6784,7001,7516,7666,7900,8005,8058,8301,8307,8319,8358,8565,9239,9951,10110,10214,10376,10421,10613,11240,11543,11693,11842,11879,12119,12200,12314,12767,12896,12950,13049,13333,13520,14659,14803,14995,15313
M-Q:158,356,961,1387d,2788,3070,3800,3942,4062,4536,4605,4646,4669,5527,5827,5884,6004,6307,6712,6784,7001,7666,7900,8005,8043,8076,8150,8238,8358,8556T,8565,9086,9239,10110,10173,10214,10292,10376,10448,10859,11240,11394,11492,11543,11842,11879,11966,12332,12767,13049,13333,13629,13920,13933,14626,14803,15342
M-N:158,356,961,1387d,1609T,2339A,2788,3070,3475,3800,4062,4526,4536,4605,4646,4669,4898,5527,5827,5884,6004,6076,6307,6712,6784,7001,7432,7666,7900,8005,8043,8076,8150,8175,8238,8358,8556T,8565,8798,9086,9239,9332,9540,10110,10173,10214,10292,10376,10448,10460,10646,10859,11240,11394,11492,11543,11842,11879,11966,12029,12095,12332,12767,13049,13100,13333,13356,13502,13615,13629,13720,13920,13933,14422,14626,14671,14803,14815,15052A,15133,15342
M:158,356,427,961,1387d,1609T,2339A,2788,3070,3100,3475,3800,4062,4526,4536,4599G,4605,4646,4669,4898,5103,5527,5827,5884,6004,6076,6307,6712,6784,7001,7432,7666,7900,8005,8043,8076,8150,8175,8238,8358,8556T,8565,8798,9086,9332,9540,10110,10173,10214,10292,10376,10448,10460,10646,10859,11240,11394,11492,11543,11842,11879,11966,12029,12095,12332,12767,13049,13100,13333,13356,13502,13615,13629,13720,13920,13933,14422,14626,14671,14803,14815,15052A,15133,15342
M1a:158,356,427,874,961,1387d,1609T,2339A,2788,3070,3100,3475,3800,4062,4526,4536,4599G,4605,4646,4669,4898,5103,5527,5827,5884,6004,6076,6307,6712,6784,7001,7432,7666,7900,8005,8043,8076,8150,8175,8238,8358,8556T,8565,8798,9086,9332,9540,10110,10173,10214,10292,10376,10448,10460,10646,10859,11240,11394,11492,11543,11842,11879,11966,12029,12095,12332,12767,13049,13100,13333,13356,13502,13615,13629,13720,13920,13933,14422,14626,14671,14803,14815,15052A,15133,15342
M1a1_KC203024:158,356,427,874,961,1387d,1609T,2339A,2788,3070,3100,3475,3800,4062,4526,4536,4590,4599G,4605,4646,4669,4898,5103,5527,5827,5884,6004,6076,6307,6712,6784,7001,7432,7666,7900,8005,8043,8076,8150,8175,8238,8358,8556T,8565,8798,9086,9116,9332,9540,10110,10173,10214,10292,10376,10448,10460,10646,10859,11240,11394,11492,11543,11842,11879,11966,12029,12095,12332,12767,13049,13100,13333,13356,13502,13615,13629,13720,13920,13933,14626,14671,14803,14815,15052A,15133,15342
M1a_JN398439:158,356,427,874,961,1387d,1609T,2339A,2788,3070,3100,3475,3800,4062,4526,4536,4599G,4605,4646,4669,4898,5103,5527,5827,5884,6004,6076,6307,6712,6784,7001,7432,7666,7900,8005,8043,8076,8150,8175,8238,8358,8556T,8565,8798,9086,9332,9540,10110,10173,10214,10292,10376,10448,10460,10646,10859,11240,11394,11492,11543,11842,11879,11966,12029,12095,12332,12767,13049,13100,13333,13356,13502,13615,13629,13720,13920,13933,14183,14422,14626,14671,14803,14815,15052A,15133,15342
M1a_AP013092:158,356,427,874,961,1387d,1609T,2339A,2788,3070,3100,3475,3800,4062,4526,4536,4599G,4605,4646,4669,4898,5103,5208,5527,5827,5884,6004,6076,6307,6712,6784,7001,7432,7666,7900,8005,8043,8076,8150,8175,8238,8358,8556T,8565,8798,9086,9332,9540,10110,10173,10214,10292,10376,10448,10460,10646,10859,11240,11394,11492,11543,11725,11842,11879,11916,11966,12029,12095,12332,12767,13049,13100,13333,13356,13502,13615,13629,13720,13920,13933,14422,14626,14671,14803,14815,15052A,15133,15342
M1a_JN398438:158,356,427,874,961,1387d,1609T,2339A,2788,3070,3100,3475,3800,4062,4526,4536,4599G,4605,4646,4669,4898,5103,5130,5527,5827,5884,6004,6076,6307,6712,6784,7001,7432,7666,7900,8005,8043,8076,8150,8175,8238,8358,8556T,8565,8798,9086,9332,9540,10110,10173,10214,10292,10376,10448,10460,10646,10859,11240,11394,11492,11543,11842,11879,11966,12029,12095,12332,12767,13049,13100,13333,13356,13502,13615,13629,13720,13920,13933,13966,14422,14626,14671,14773,14803,14815,15052A,15133,15342
M1a_JN398437:158,198,356,427,874,961,1387d,1609T,2339A,2788,3070,3100,3475,3800,4062,4526,4536,4599G,4605,4646,4669,4898,5103,5527,5827,5884,6004,6076,6307,6712,6784,7001,7432,7523,7666,7900,8005,8043,8076,8150,8175,8238,8358,8556T,8565,8798,9086,9332,9540,10110,10173,10214,10292,10376,10448,10460,10646,10859,11240,11394,11492,11543,11842,11879,11966,12029,12095,12332,12767,13049,13100,13333,13356,13502,13615,13629,13720,13920,13933,14422,14626,14671,14803,14815,15052A,15133,15342
M1a_HQ439485:158,356,874,961,1387d,1609T,2339A,2788,3070,3100,3475,3800,4062,4526,4536,4599G,4605,4646,4669,4898,5103,5527,5827,5884,6004,6076,6307,6712,6784,7001,7432,7666,7900,8005,8043,8076,8150,8175,8238,8358,8556T,8565,8798,9002,9086,9332,9540,10110,10173,10214,10292,10376,10448,10460,10646,10859,11240,11394,11492,11543,11842,11879,11966,12029,12095,12332,12767,13049,13100,13333,13356,13502,13615,13629,13720,13920,13933,14183,14422,14626,14671,14803,14815,15052A,15133,15342
M1b:158,356,427,961,1387d,1609T,2339A,2788,3070,3100,3211T,3475,3800,4062,4526,4536,4599G,4605,4646,4669,4898,5103,5527,5827,5884,6004,6076,6307,6712,6784,7001,7432,7666,7900,8005,8043,8076,8150,8175,8238,8358,8556T,8565,8798,9086,9332,9540,10110,10173,10214,10292,10376,10448,10460,10515,10646,10859,11240,11394,11492,11513,11543,11842,11879,11966,12029,12095,12332,12767,13049,13100,13333,13356,13502,13615,13629,13720,13920,13933,14422,14626,14671,14803,14815,15052A,15133,15342
M1b_HQ439466:158,356,427,961,1387d,1609T,2339A,2788,3070,3100,3211T,3475,3800,4062,4526,4536,4599G,4646,4669,4898,5103,5527,5827,5884,6004,6076,6307,6712,6784,7001,7432,7666,7900,8005,8043,8076,8150,8175,8238,8358,8556T,8565,8798,9086,9332,9540,10110,10173,10214,10292,10376,10448,10460,10515,10646,10859,11240,11394,11492,11513,11543,11789,11842,11879,11966,12029,12095,12332,12767,13049,13100,13333,13356,13502,13615,13629,13720,13920,13933,14422,14626,14671,14803,14815,15052A,15133,15342
M1b_HQ439495:158,356,427,961,1387d,1609T,2339A,2788,3070,3100,3211T,3475,3800,4062,4526,4536,4599G,4605,4646,4669,4898,5103,5527,5827,5884,6004,6076,6307,6712,6784,7001,7432,7666,7900,8005,8043,8076,8150,8175,8238,8358,8556T,8565,8798,9086,9332,9540,10110,10173,10214,10292,10376,10448,10460,10515,10859,11240,11394,11492,11513,11543,11803,11842,11879,11966,12029,12095,12332,12767,13049,13100,13333,13356,13502,13615,13629,13720,13920,13933,14422,14626,14671,14803,14815,15052A,15133,15342
M1_JN398435:158,356,427,961,1387d,1609T,2339A,2788,3070,3100,3475,3800,4062,4526,4536,4599G,4605,4646,4669,4898,5103,5527,5827,5884,6004,6076,6307,6712,6784,7001,7432,7666,7900,8005,8043,8076,8150,8175,8238,8358,8556T,8565,8798,9086,9146,9332,9540,10110,10173,10214,10292,10376,10448,10460,10646,10859,11240,11394,11492,11543,11842,11879,11966,12029,12095,12332,12767,13049,13100,13333,13356,13502,13615,13629,13720,13920,13933,14422,14626,14671,14803,14815,15052A,15133,15342
M1_FJ718997:158,356,427,961,1387d,1609T,2339A,2788,3070,3100,3475,3800,4062,4526,4536,4599G,4605,4646,4669,4898,5103,5527,5827,5884,6004,6076,6307,6712,6784,7001,7432,7666,7900,8005,8043,8076,8150,8175,8238,8358,8556T,8565,8798,9086,9332,9540,10110,10173,10214,10292,10376,10448,10460,10646,10859,11240,11394,11492,11543,11842,11879,11966,12029,12095,12332,12767,13049,13100,13333,13356,13502,13615,13629,13720,13920,13933,14252,14422,14626,14671,14803,14815,15052A,15133,15342
M1_AP013098:158,356,427,961,1387d,1609T,2339A,2788,3070,3100,3475,3800,4062,4386,4526,4536,4599G,4605,4646,4669,4898,5103,5527,5827,5884,6004,6076,6307,6712,6784,7001,7432,7666,7900,8005,8043,8076,8150,8175,8238,8358,8556T,8565,8798,9086,9332,9540,10110,10173,10214,10292,10376,10448,10460,10646,10859,11240,11394,11492,11543,11842,11879,11966,12029,12095,12332,12767,13049,13100,13333,13356,13502,13615,13629,13720,13920,13933,14422,14626,14671,14803,14815,14998,15052A,15133,15342
M2:158,356,427,961,1387d,1609T,2339A,2788,3070,3100,3475,3800,4062,4526,4536,4599G,4605,4646,4669,4898,5103,5527,5827,5884,6004,6076,6307,6712,6784,7001,7432,7666,7900,8005,8043,8076,8150,8175,8238,8358,8556T,8565,8798,9086,9332,9540,10110,10173,10214,10292,10376,10448,10460,10646,10859,11240,11394,11492,11543,11842,11848,11879,11966,12029,12095,12332,12767,13049,13100,13333,13356,13502,13615,13629,13720,13920,13933,14422,14626,14671,14803,14815,15052A,15133,15342
M2_KC203023:158,356,427,961,1387d,1609T,2339A,2788,3070,3100,3475,3800,4062,4526,4536,4599G,4605,4646,4669,4898,5103,5527,5827,5884,6004,6076,6307,6712,6784,7001,7432,7666,7900,8005,8043,8076,8150,8175,8238,8358,8556T,8565,8798,9086,9332,9540,10110,10173,10214,10292,10376,10448,10460,10646,10859,11240,11394,11492,11543,11842,11848,11879,11966,12029,12095,12332,12767,13049,13100,13317G,13333,13356,13502,13615,13629,13720,13920,13933,14422,14626,14671,14803,14815,15052A,15133,15342
N:158,356,961,1387d,1609T,2339A,2788,2802,3070,3475,3557,3800,4062,4526,4536,4605,4646,4669,4898,4917,5527,5827,5884,6004,6076,6307,6712,6784,7001,7432,7666,7900,8005,8043,8076,8150,8175,8238,8280,8358,8556T,8565,8798,9071,9086,9239,9332,9402,9540,10110,10173,10214,10292,10376,10404,10448,10460,10517,10646,10859,11240,11394,11492,11543,11842,11879,11966,12029,12095,12332,12767,13049,13100,13333,13356,13502,13615,13629,13720,13920,13933,14422,14626,14671,14803,14815,15052A,15133,15342
N1:158,356,961,1387d,1609T,2339A,2788,2802,3070,3100,3475,3557,3800,4062,4526,4536,4605,4646,4669,4898,4917,5527,5827,5884,6004,6076,6307,6712,6784,7001,7432,7666,7900,8005,8043,8076,8150,8175,8238,8280,8358,8556T,8565,8798,9071,9086,9239,9332,9402,9540,10110,10173,10214,10292,10376,10404,10448,10460,10517,10646,10859,11240,11394,11492,11543,11842,11879,11966,12029,12095,12332,12767,13049,13100,13309,13333,13356,13502,13567,13615,13629,13720,13920,13933,14422,14626,14671,14803,14815,15052A,15133,15342
N2:158,356,961,1387d,1609T,2339A,2788,2802,3070,3475,3557,3800,4062,4526,4536,4605,4646,4669,4898,4917,5527,5827,5884,6004,6076,6307,6712,6784,7001,7432,7666,7900,8005,8043,8076,8150,8175,8238,8280,8358,8556T,8565,8798,9071,9086,9239,9332,9402,9540,9918,10110,10173,10214,10292,10376,10404,10448,10460,10517,10646,10859,11240,11394,11492,11543,11842,11879,11966,12029,12095,12332,12674,12767,13049,13100,13333,13356,13502,13567,13615,13629,13720,13920,13933,14422,14626,14671,14803,14815,15052A,15133,15342
N2a:158,356,961,1387d,1609T,2339A,2788,2802,3070,3475,3557,3800,4062,4526,4536,4605,4646,4669,4898,4917,5527,5827,5884,6004,6076,6307,6712,6784,7001,7432,7666,7900,8005,8043,8076,8150,8175,8238,8280,8358,8556T,8565,8798,9071,9086,9239,9332,9402,9540,9918,10110,10173,10214,10292,10376,10404,10448,10460,10517,10646,10859,11240,11384,11394,11492,11543,11842,11879,11966,12029,12095,12332,12674,12767,13049,13100,13333,13356,13502,13567,13615,13629,13720,13920,13933,14422,14626,14671,14803,14815,15052A,15133,15342
N2a1:158,356,961,1387d,1609T,2339A,2788,2802,3070,3475,3557,3800,4062,4428,4526,4536,4605,4646,4669,4898,4917,5527,5827,5884,6004,6076,6307,6712,6784,7001,7432,7666,7900,8005,8043,8076,8150,8175,8238,8280,8358,8556T,8565,8798,9071,9086,9239,9332,9402,9540,9918,10110,10173,10214,10292,10376,10404,10448,10460,10517,10646,10859,11240,11384,11394,11492,11543,11842,11879,11966,12029,12095,12332,12674,12767,13049,13100,13333,13335,13356,13502,13567,13615,13629,13720,13920,13933,14422,14626,14671,14803,14815,15052A,15133,15342
N2a1_KC203030:158,356,961,1387d,1609T,2339A,2788,2802,3070,3475,3557,3800,4062,4218,4428,4526,4536,4605,4646,4669,4898,4917,5527,5827,5884,6004,6076,6307,6712,6784,7001,7432,7666,7900,8005,8043,8076,8150,8175,8238,8280,8358,8556T,8565,8798,9071,9086,9239,9332,9402,9540,9918,10110,10173,10214,10292,10376,10404,10448,10460,10517,10646,10859,11240,11384,11394,11492,11543,11842,11879,11966,12029,12095,12332,12674,12767,13049,13100,13333,13335,13356,13502,13567,13615,13629,13720,13920,13933,14422,14626,14671,14803,14815,15052A,15133,15342
N2a1_KC203031:158,356,961,1387d,1609T,2339A,2788,2802,3070,3475,3557,3800,4062,4428,4526,4536,4605,4646,4669,4898,5527,5827,5884,6004,6076,6307,6712,6784,7001,7432,7666,7900,8005,8043,8076,8150,8175,8238,8280,8358,8556T,8565,8798,9071,9086,9239,9332,9402,9540,9918,10110,10173,10214,10292,10376,10404,10448,10460,10517,10646,10859,11240,11384,11394,11492,11543,11842,11879,11966,12029,12095,12332,12674,12767,13049,13100,13333,13335,13356,13502,13567,13615,13629,13720,13920,13933,14422,14626,14671,14803,14815,15052A,15133,15342
N2_JN398442:142+T,158,356,961,1387d,1609T,2339A,2788,2802,3070,3475,3557,3800,4062,4526,4536,4605,4646,4669,4898,4917,5527,5827,5884,6004,6076,6307,6712,6784,7001,7432,7666,7900,8005,8043,8076,8150,8175,8238,8280,8358,8556T,8565,8798,9071,9086,9239,9332,9402,9540,9918,10110,10173,10214,10292,10376,10404,10448,10460,10517,10646,10859,11240,11384,11394,11492,11543,11842,11879,11966,12029,12095,12332,12674,12767,13049,13100,13333,13356,13502,13567,13615,13629,13720,13920,13933,14422,14626,14671,14803,14815,15052A,15133,15342
O-Q:158,356,739,860,961,1387d,2788,3070,3259T,3271,3616,3800,3942,4062,4536,4605,4646,4669,5527,5827,5884,6004,6307,6529,6712,6784,7001,7243,7612T,7666,7898,7900,8005,8076,8150,8238,8358,8361,8556T,8565,8855,9086,9239,9775,10110,10173,10214,10292,10376,10448,10859,11240,11378,11394,11424,11492,11543,11842,11879,11966,12167,12230,12332,12404,12767,13049,13333,13463,13629,13920,13933,14626,14803,15202,15342
OP:158,356,739,860,961,1387d,1684C,2788,3070,3259T,3271,3557,3616,3800,3942,4062,4536,4605,4646,4669,5527,5827,5884,6004,6307,6529,6712,6784,7001,7243,7427,7612T,7666,7898,7900,8005,8076,8150,8238,8358,8361,8556T,8565,8855,9053,9086,9239,9775,10110,10173,10214,10292,10376,10448,10859,11240,11378,11394,11424,11492,11543,11842,11879,11966,12167,12230,12287,12332,12404,12767,13049,13333,13463,13466,13629,13920,13933,14626,14803,15202,15342
O:158,356,739,860,961,1387d,1684C,2788,3070,3259T,3271,3557,3616,3800,3942,4062,4536,4605,4646,4669,5527,5821,5827,5884,6004,6307,6529,6712,6745,6784,7001,7243,7375,7427,7612T,7666,7898,7900,8005,8040,8076,8150,8238,8358,8361,8556T,8565,8855,9053,9086,9239,9775,10110,10173,10214,10292,10361T,10376,10501,10859,11240,11378,11394,11424,11492,11543,11842,11879,11966,12167,12230,12287,12305,12332,12404,12767,12927,13049,13333,13463,13466,13629,13920,13933,13951,14626,14803,15202,15342
O_JN398445:158,356,739,860,961,1387d,1684C,2788,3070,3259T,3271,3557,3616,3800,3942,4062,4536,4605,4646,4669,5527,5821,5827,5884,6004,6307,6529,6712,6745,6784,7001,7243,7375,7427,7612T,7666,7898,7900,8005,8040,8076,8150,8238,8358,8361,8556T,8565,8855,9053,9086,9239,9775,10110,10173,10214,10292,10361T,10376,10501,10859,11240,11378,11394,11424,11492,11543,11842,11879,11966,12167,12230,12287,12305,12332,12404,12767,12927,13049,13333,13463,13466,13629,13920,13933,13947,13951,14626,14803,14825,15202,15342
O_HQ439467:158,356,739,860,961,965,1387d,1684C,2788,3070,3259T,3271,3557,3616,3800,3942,4062,4536,4605,4646,4669,5527,5821,5827,5884,6004,6307,6529,6712,6745,6784,7001,7243,7375,7427,7612T,7666,7898,7900,8005,8040,8076,8150,8238,8358,8361,8556T,8565,8855,9053,9086,9239,9775,10110,10173,10214,10292,10361T,10376,10501,10859,11240,11378,11394,11424,11492,11543,11842,11879,11966,12167,12230,12287,12305,12332,12404,12767,12927,13049,13333,13463,13466,13629,13920,13933,13951,14626,14650,14803,15202,15342
P:158,356,739,860,961,1383,1387d,1684C,2788,3070,3259T,3271,3557,3616,3800,3942,4062,4536,4605,4646,4669,5527,5827,5884,6004,6307,6505,6529,6712,6784,7001,7243,7427,7612T,7666,7898,7900,8005,8076,8150,8238,8358,8361,8556T,8565,8855,9053,9086,9239,9775,10110,10173,10214,10292,10376,10448,10859,11240,11378,11394,11424,11492,11543,11842,11879,11966,12167,12230,12287,12332,12404,12767,13049,13333,13370,13463,13466,13629,13920,13933,14626,14803,15202,15342
P1:158,356,739,860,961,1383,1387d,1684C,2788,3070,3259T,3271,3557,3616,3800,3942,4062,4536,4605,4646,4669,5527,5827,5884,6004,6307,6505,6529,6712,6784,7001,7243,7427,7612T,7666,7898,7900,8005,8076,8150,8238,8358,8361,8556T,8565,8855,9053,9086,9239,9775,10110,10173,10214,10292,10376,10448,10859,11240,11378,11394,11424,11492,11543,11842,11879,11966,12167,12230,12287,12314,12332,12404,12767,13049,13333,13370,13463,13466,13629,13920,13933,14626,14803,15202,15342
P2:158,356,739,860,961,1383,1387d,1684C,2788,3070,3259T,3271,3557,3616,3800,3942,4062,4446,4536,4605,4646,4669,5527,5827,5884,6004,6307,6505,6529,6712,6784,7001,7243,7427,7612T,7666,7898,7900,8005,8076,8150,8238,8358,8361,8556T,8565,8855,9053,9086,9239,9775,10110,10173,10214,10292,10376,10448,10859,11240,11378,11394,11424,11492,11543,11842,11879,11966,12167,12230,12287,12332,12404,12767,13049,13202,13333,13370,13463,13466,13629,13920,13933,14626,14803,15202,15342
P3:158,339,356,739,860,961,1383,1387d,1684C,2788,3070,3259T,3271,3557,3616,3800,3942,4062,4536,4605,4646,4669,5527,5827,5884,6004,6307,6505,6529,6712,6775,6784,7001,7243,7427,7612T,7666,7898,7900,8005,8076,8150,8238,8358,8361,8556T,8565,8855,9053,9086,9239,9775,10110,10173,10214,10292,10376,10448,10859,11240,11378,11394,11424,11492,11543,11842,11879,11966,12167,12230,12287,12332,12404,12767,13049,13333,13336,13370,13463,13466,13629,13697,13920,13933,14626,14803,15202,15342
P4a_HQ439444:158,356,739,860,961,1383,1387d,1684C,2788,3070,3259T,3271,3557,3616,3800,3942,4062,4536,4605,4646,4669,5286,5527,5827,5884,6004,6307,6505,6529,6712,6784,7001,7243,7427,7612T,7666,7898,7900,8005,8076,8150,8238,8358,8361,8556T,8565,8855,9053,9086,9239,9775,10110,10173,10214,10292,10376,10448,10859,11240,11378,11394,11424,11492,11543,11842,11879,11966,12167,12230,12287,12299,12332,12404,12767,13049,13333,13370,13463,13466,13629,13920,13933,14626,14803,15202,15342
P4a_HQ439445:158,172T,356,739,860,961,1383,1387d,1684C,2788,3070,3259T,3271,3557,3616,3800,3942,4062,4536,4605,4646,4669,5527,5827,5884,6004,6307,6505,6529,6712,6784,7001,7243,7427,7612T,7666,7898,7900,8005,8076,8150,8238,8358,8361,8556T,8565,8855,9053,9086,9239,9696,9775,10110,10173,10214,10292,10376,10448,10859,11240,11378,11394,11424,11492,11543,11842,11879,11966,12167,12230,12287,12332,12404,12767,13049,13333,13370,13463,13466,13629,13920,13933,14193T,14626,14803,14825,15202,15342
P4a_HQ439447:158,356,739,860,961,1383,1387d,1684C,2788,3070,3259T,3271,3557,3616,3800,3942,4062,4536,4605,4646,4669,5527,5827,5884,6004,6307,6505,6529,6712,6784,7001,7243,7427,7612T,7666,7898,7900,8005,8076,8150,8238,8358,8361,8556T,8565,8855,9053,9086,9239,9703,9775,10110,10173,10214,10292,10376,10448,10859,11240,11378,11394,11424,11492,11543,11842,11879,11966,12167,12230,12287,12332,12404,12767,13049,13333,13370,13463,13466,13629,13920,13933,14626,14803,15202,15342
P4a_HQ439500:158,356,739,860,961,1383,1387d,1684C,2788,3070,3259T,3271,3557,3616,3800,3942,4062,4536,4605,4646,4669,5527,5827,5884,6004,6307,6505,6529,6712,6784,7001,7243,7427,7612T,7666,7898,7900,7981,8005,8076,8150,8238,8358,8361,8556T,8565,8855,9053,9086,9239,9775,10110,10173,10214,10292,10376,10448,10859,11240,11378,11394,11424,11492,11543,11842,11879,11966,12167,12230,12287,12332,12404,12503,12767,13049,13333,13370,13463,13466,13629,13920,13933,14626,14803,15202,15342
P4_AP013089:158,356,739,860,961,1383,1387d,1684C,2788,3070,3259T,3271,3557,3616,3800,3942,4062,4536,4605,4646,4669,5527,5827,5884,6004,6307,6415,6505,6529,6712,6784,7001,7243,7427,7612T,7666,7898,7900,7913,8005,8076,8150,8238,8358,8361,8556T,8565,8855,9053,9086,9239,9775,10110,10173,10214,10292,10376,10448,10859,11240,11378,11394,11424,11492,11543,11842,11879,11966,12167,12230,12287,12332,12404,12767,13049,13333,13370,13463,13466,13629,13920,13933,14626,14803,15202,15342
P_HQ439457:158,356,739,860,961,1383,1387d,1684C,2788,3070,3259T,3271,3557,3616,3800,3942,4062,4536,4605,4646,4669,5527,5827,5884,6004,6307,6505,6529,6712,6784,7001,7243,7427,7612T,7666,7898,7900,8005,8076,8150,8238,8358,8361,8556T,8565,8855,9053,9086,9239,9753,9775,10110,10173,10214,10292,10376,10448,10859,11045,11240,11378,11394,11424,11492,11543,11842,11879,11966,12167,12230,12287,12332,12404,12767,13049,13333,13463,13466,13629,13747,13761,13920,13933,14626,14803,15202,15342
P_KF038160:142,158,287,356,542,721,739,860,961,1383,1387d,1684C,1892,2739,2788,3070,3259T,3271,3557,3616,3727,3800,3942,4062,4536,4605,4646,4669,5068,5359,5527,5827,5884,6004,6307,6505,6529,6712,6784,7001,7243,7427,7612T,7666,7898,7900,8005,8076,8150,8238,8358,8361,8556T,8565,8855,9053,9086,9239,9696,9775,10110,10173,10214,10292,10376,10379,10448,10631,10859,11240,11378,11394,11424,11492,11543,11842,11879,11966,12167,12230,12287,12332,12404,12767,13049,13304,13333,13370,13463,13466,13629,13696,13861,13920,13933,14016,14626,14803,14825,15202,15342
Q:158,302,341,356,739,860,961,1387d,2788,3070,3259T,3271,3616,3800,3942,4062,4201,4536,4605,4646,4669,5527,5827,5884,6004,6307,6529,6712,6784,7001,7243,7294,7612T,7666,7898,7900,8005,8076,8150,8238,8358,8361,8556T,8565,8855,9086,9203,9239,9775,10110,10173,10214,10292,10376,10448,10859,11240,11378,11394,11424,11492,11543,11842,11879,11966,12167,12230,12332,12404,12767,13049,13333,13463,13629,13920,13933,14626,14803,15202,15342
Q1:158,302,341,356,739,860,961,1387d,2788,3070,3259T,3271,3616,3800,3942,4062,4201,4536,4605,4646,4669,5527,5827,5884,6004,6307,6529,6688,6712,6784,7001,7243,7294,7612T,7666,7898,7900,8005,8076,8150,8238,8358,8361,8556T,8565,8855,9086,9203,9239,9775,10110,10173,10214,10292,10376,10448,10859,11240,11378,11394,11424,11492,11543,11842,11879,11966,12167,12230,12332,12404,12767,13049,13333,13463,13629,13920,13933,14626,14803,15202,15342
Q1a:158,302,341,356,739,860,961,1387d,2788,3070,3259T,3271,3616,3800,3942,4062,4201,4536,4605,4646,4669,5527,5827,5884,6004,6307,6529,6688,6712,6784,7001,7243,7294,7612T,7666,7898,7900,8005,8076,8150,8238,8358,8361,8556T,8565,8855,9086,9203,9239,9775,10110,10173,10214,10244,10292,10376,10448,10859,11240,11378,11394,11424,11492,11543,11842,11879,11966,12167,12230,12332,12404,12767,13049,13333,13463,13629,13920,13933,14626,14803,14825,14827,15202,15342
Q1a_JN398451:158,302,341,356,739,860,961,1387d,2788,3070,3124,3259T,3271,3616,3800,3942,4062,4201,4536,4605,4646,4669,5527,5827,5884,6004,6307,6529,6688,6712,6784,7001,7243,7294,7612T,7666,7898,7900,8005,8076,8150,8238,8358,8361,8556T,8565,8855,9086,9203,9239,9775,10110,10173,10214,10244,10292,10376,10448,10859,11240,11378,11394,11424,11492,11543,11842,11879,11966,12167,12230,12332,12404,12767,13049,13333,13463,13629,13920,13933,14626,14803,14825,14827,15202,15342
Q1a_JN398452:158,302,341,356,739,860,961,1387d,2788,3070,3259T,3271,3616,3800,3942,4062,4201,4536,4605,4646,4669,5527,5827,5884,6004,6307,6529,6688,6712,6784,7001,7243,7294,7612T,7666,7898,7900,8005,8076,8150,8238,8358,8361,8556T,8565,8855,9086,9203,9239,9775,10110,10173,10214,10244,10292,10376,10448,10859,11240,11378,11394,11424,11492,11543,11842,11879,11966,12167,12230,12332,12404,12599,12767,13049,13333,13463,13475,13629,13920,13933,14626,14803,14825,14827,15202,15342
Q1b1a:158,302,341,356,739,860,961,1387d,2788,3070,3259T,3271,3616,3800,3942,4062,4201,4536,4605,4646,4669,5527,5827,5884,6004,6307,6529,6688,6712,6784,7001,7243,7294,7612T,7666,7898,7900,8005,8076,8150,8238,8358,8361,8556T,8565,8855,9086,9203,9239,9775,10110,10173,10214,10292,10376,10448,10859,11240,11378,11394,11424,11492,11543,11842,11879,11966,12167,12230,12332,12404,12767,13049,13307,13333,13463,13629,13920,13933,14626,14803,15202,15342
Q1b1_HQ439448:158,302,341,356,739,860,961,1387d,2788,3070,3259T,3271,3616,3800,3942,4062,4201,4536,4605,4646,4669,5527,5827,5884,6004,6307,6529,6688,6712,6784,7001,7243,7294,7576,7612T,7666,7898,7900,8005,8076,8150,8238,8358,8361,8556T,8565,8855,9071,9086,9203,9239,9775,10110,10173,10214,10292,10376,10448,10859,11240,11378,11394,11424,11492,11543,11842,11879,11966,12167,12230,12332,12404,12767,13049,13333,13463,13629,13920,13933,14626,14803,15202,15342
Q1b_JN398449:158,302,341,356,739,860,961,1387d,2788,3070,3259T,3271,3616,3800,3942,4062,4201,4536,4605,4646,4669,5527,5824,5827,5884,6004,6307,6529,6688,6712,6784,7001,7243,7294,7612T,7666,7898,7900,8005,8076,8150,8238,8358,8361,8556T,8565,8855,9086,9203,9239,9775,10110,10173,10214,10292,10376,10448,10859,11240,11378,11394,11424,11492,11543,11842,11879,11966,12167,12230,12332,12404,12767,13049,13333,13463,13629,13920,13933,14626,14803,15202,15342
Q2:158,302,341,356,739,860,961,1387d,2788,3070,3259T,3271,3616,3800,3942,4062,4201,4536,4605,4646,4669,5527,5827,5875,5884,6004,6307,6529,6712,6784,7001,7243,7294,7612T,7666,7898,7900,8005,8076,8150,8238,8358,8361,8556T,8565,8855,9086,9203,9239,9775,10110,10173,10214,10292,10376,10448,10859,11240,11378,11394,11424,11492,11543,11842,11879,11966,12167,12230,12332,12404,12767,13049,13333,13463,13629,13920,13933,14626,14803,15202,15342
Q2a_EF597514:158,302,341,356,653d,739,860,961,1387d,2788,3070,3259T,3271,3616,3800,3942,4062,4201,4536,4605,4646,4669,5527,5827,5875,5884,6004,6307,6529,6712,6784,6952,7001,7243,7294,7612T,7666,7898,7900,8005,8150,8238,8358,8361,8556T,8565,8855,9086,9203,9239,9775,10110,10173,10214,10292,10376,10448,10859,11240,11378,11394,11424,11492,11543,11842,11879,11966,12167,12230,12332,12404,12767,13049,13333,13629,13920,13933,14626,14803,15016G,15202,15342
Q2a_HQ439450:158,302,341,356,739,854,860,961,1387d,2788,3070,3259T,3271,3616,3800,3942,4062,4201,4536,4605,4646,4669,5527,5827,5875,5884,6004,6307,6529,6712,6784,7001,7243,7294,7612T,7666,7898,7900,8005,8076,8150,8238,8358,8361,8556T,8565,8855,9086,9203,9239,9775,10110,10173,10214,10292,10376,10448,10859,11240,11378,11394,11424,11492,11543,11842,11879,11966,12167,12230,12332,12404,12767,13049,13333,13463,13629,13920,13933,14626,14803,15202,15342
Q2_JN398453:158,302,341,356,739,860,961,1387d,2788,3070,3259T,3271,3616,3800,3942,4062,4201,4536,4605,4646,4669,5527,5827,5875,5884,6004,6307,6529,6712,6784,7001,7060,7243,7294,7612T,7666,7898,7900,8005,8076,8150,8238,8358,8361,8439,8556T,8565,8855,9086,9203,9239,9775,10110,10173,10214,10292,10376,10448,10859,11240,11378,11394,11424,11492,11543,11842,11879,11901,11966,12167,12230,12332,12404,12767,13049,13333,13463,13629,13920,13933,14626,14803,15202,15342
Q3:158,302,341,356,739,860,961,1387d,2788,3070,3259T,3271,3616,3800,3942,4062,4201,4536,4605,4646,4669,5527,5827,5884,6004,6307,6529,6712,6784,7001,7243,7294,7612T,7666,7898,7900,8005,8076,8150,8238,8358,8361,8556T,8565,8855,9086,9203,9239,9775,10110,10173,10214,10292,10376,10448,10859,11240,11378,11394,11424,11492,11543,11842,11879,11942,11966,12167,12230,12332,12404,12767,13049,13232,13333,13463,13629,13920,13933,14626,14803,15202,15342
Q3_JN398454:158,302,341,356,739,855,860,961,1387d,2788,3070,3259T,3271,3616,3800,3942,4062,4201,4536,4605,4646,4669,5527,5827,5884,6004,6307,6529,6712,6784,7001,7243,7294,7612T,7666,7898,7900,8005,8076,8150,8238,8358,8361,8556T,8565,8855,9086,9203,9239,9775,10110,10173,10214,10292,10376,10448,10859,11240,11378,11394,11424,11492,11543,11842,11879,11942,11966,12167,12230,12332,12404,12767,13049,13111,13232,13333,13463,13629,13920,13933,14626,14803,15202,15342
Q2a_KF038159:158,287,302,341,356,542,739,860,961,1387d,1427,2788,3070,3259T,3271,3616,3800,3942,4062,4201,4536,4605,4646,4669,5527,5827,5884,6004,6307,6529,6712,6784,7001,7243,7294,7612T,7666,7898,7900,8005,8076,8150,8238,8358,8361,8556T,8565,8855,9086,9203,9239,9775,10110,10173,10214,10292,10376,10448,10859,11240,11378,11394,11424,11492,11543,11842,11879,11942,11966,12167,12230,12332,12404,12767,13020,13049,13232,13333,13463,13629,13920,13933,14626,14803,15202,15342
R:158,287,356,725,961,1387d,2159,2316,2788,2869,2887,3052,3058,3070,3800,3848,3942,4062,4104,4113,4275,4306,4459,4536,4596,4646,4669,4918,5378,5416,5455,5527,5669,5884,6004,6091,6175A,6298,6307,6412,6598,6724,6784,6930,6947,7001,7247,7447,7477,7573,7576,7666,7724,7900,7912,8005,8043,8150,8358,8361,8490,8502,8565,8678,8969,9086,9218,9239,9302T,9401,9618,10110,10173,10214,10292,10367,10376,10406,10448,10751,10886,10925,11178,11240,11383,11543,11614,11842,11879,11966,12083,12314,12428,12626,12716,12767,12800,12941,13049,13211,13214,13275T,13333,13434,13696,13766,13920,13933,14023,14114,14803,14825,14884,14896,14953,15076,15106,15142,15247,15250T
R1_JN398457:158,287,356,725,961,1387d,2159,2316,2788,2869,2887,3052,3058,3070,3269,3800,3848,3942,4062,4104,4113,4275,4306,4459,4536,4596,4646,4669,4918,5378,5416,5455,5527,5669,5884,6004,6091,6175A,6298,6307,6412,6598,6724,6784,6930,6947,7001,7247,7447,7477,7573,7576,7666,7724,7900,7912,8005,8043,8150,8358,8361,8490,8502,8565,8678,8969,9086,9218,9239,9302T,9401,9618,10110,10173,10214,10292,10367,10376,10406,10448,10751,10886,10925,11178,11240,11383,11543,11614,11842,11879,11966,12083,12314,12428,12626,12716,12767,12800,12941,13049,13211,13214,13275T,13333,13402,13434,13696,13766,13920,13933,14023,14114,14803,14825,14884,14896,14953,15076,15106,15142,15247,15250T
R1_JN398456:158,287,356,725,961,1387d,2159,2316,2788,2869,2887,3052,3058,3070,3800,3848,3942,4062,4104,4113,4275,4306,4459,4536,4596,4646,4669,4918,5378,5416,5455,5527,5669,5884,6004,6091,6175A,6298,6307,6412,6598,6724,6784,6930,6947,7001,7247,7447,7477,7573,7576,7666,7724,7900,7912,8005,8043,8150,8304,8358,8361,8490,8502,8565,8678,8969,9086,9218,9239,9302T,9401,9618,10110,10173,10214,10292,10367,10376,10406,10448,10751,10886,10925,11178,11240,11383,11543,11614,11842,11879,11966,12083,12314,12428,12626,12716,12767,12800,12941,13049,13211,13214,13256,13275T,13333,13434,13696,13766,13920,13933,14023,14114,14122,14252,14803,14825,14884,14896,14953,15076,15106,15142,15247,15250T
R1_AP013078:158,287,356,725,961,1387d,2159,2316,2788,2869,2887,3052,3058,3070,3800,3848,3942,4062,4104,4113,4275,4306,4459,4536,4596,4646,4669,4918,5378,5416,5455,5527,5669,5884,6004,6091,6175A,6298,6307,6412,6598,6724,6784,6930,6947,7001,7247,7447,7477,7573,7576,7666,7724,7900,7912,8005,8043,8150,8358,8361,8490,8502,8565,8678,8969,9086,9218,9239,9302T,9401,9618,10110,10173,10214,10292,10367,10376,10406,10448,10751,10886,10925,11178,11240,11383,11543,11614,11725,11842,11879,11966,12083,12314,12428,12626,12716,12767,12800,12941,13049,13211,13214,13275T,13333,13434,13696,13766,13920,13933,14023,14114,14803,14825,14884,14896,14908,14953,15076,15106,15142,15247,15250T
R2:158,287,356,725,961,1387d,2159,2316,2788,2869,2887,3052,3058,3070,3800,3848,3942,4062,4104,4113,4275,4306,4459,4536,4596,4646,4669,4918,5378,5416,5455,5527,5669,5884,6004,6091,6175A,6298,6307,6412,6598,6724,6784,6930,6947,7001,7247,7447,7477,7573,7576,7666,7724,7900,7912,8005,8043,8150,8358,8361,8490,8502,8565,8678,8969,9086,9218,9239,9302T,9401,9618,10110,10173,10214,10292,10367,10376,10406,10448,10751,10886,10925,11178,11240,11383,11543,11614,11842,11879,11966,12023,12083,12314,12428,12626,12716,12767,12800,12941,13049,13211,13214,13275T,13333,13434,13696,13766,13920,13933,14023,14114,14803,14825,14884,14896,14953,15076,15106,15142,15247,15250T
