A:180,240,305,451,500
A1a:240
D1:500
D1a1'3:278,500
D1a1:278,451,500
D1a1a:240,278,451,500
D1a1a_EF545577:181,240,278,451,500
D1a1b:278,451,500,559
D1a1b_KC493608:278,389,451,500,559,1167
D1a1c_AF486863:180,278,451,500
_AF486865:62,180,278,390,451,500
_AF486871:278,451,500
D1a1c_AF486864:278,386,451,500
D1a1_EF545593:276,278,451,500
D1a1_JN601070_JN601071:247,278,451,500
D1a1_AF486855:278,390,451,473,500
D1a1_KF971862:61,278,386,451,500,939,1057
D1a1_KC505408:278,451,500,1167
D1a3:278,500
D1a3a:240,278,500
D1a3a_EF545582:180,240,278,500
D1a3_EF545583:278,500,559
D1a2:240,500
D1a2_GQ220329:240,500,639
D1a3a1:240,500
D1a3a1_KC505406:240
D1a3a1_KC505407:240,442,500
D1a3_KC493610:169+T,500
D1a3_KC505409:500,639,660
D1a_KC493611:500,964d
D1a_KC493607:247,500,1175
D1b:404,500
D1b1_KC250274:404,500,1107+TAAAACACTTA
D1b1_KF767443:404,500,1107+TAAAACACTTA
D1b_KF888634:180,404,500,1107+TAAAACACTTA
D1b_EF545576:404,500,559
D1c:442,500
D1c1a:181,442,500,559
D1c1a_AF486861:181,240,300,442,500,559
D1c1b1_AF486868:278,442,500
D1c1b1_AB298688:240,500
D1c1b_EF545587:442,500,1175
D1c_AF486867:240,442,500
D1c_EF545574:305,442,500
D1d:240,500
D1e'g'h:240,500,559
D1e:240,300,500,559
D1g:240,500,559
D1h:240,278,389,500,559
D1f:240,299,500
D1_AF486856:240,500
D2_EF545573:583
D3'4:451
D3:240,451
D3a:240,278,451
D3a1a_KC505410:240,278,451,573d
D3b:239,240,451,559,1199A
D4:451
D4a:24,181,213,451,559
D4a_GQ220328:24,181,213,451,559,1103
D4b:240,451
A1a2:213,240,442,559
A1b:109,180,213,240,305,323,386,451,500,534,583
A1a'b_KC505411:180,213,240,278,305,321,323,386,387,390,405,442,451,500,559,980,1178,1224,1248
A1c:90,180,240,278,300,301,305,322,390,451,500,534,541,574,656,950T,1087+2ACAAACCAC,1175
A2:180,213,240,278,305,442,451,500,559,1253
A2_EF545585:157,180,213,240,278,305,442,451,559,636,952,1199A,1253
A2_EF545568:180,213,239,240,278,305,442,461,500,541,559,639,1253
E:109,131,144,152,157,180,240,293,305,322,389,451,500,574,1168,1175,1225
E1a1:109,124T,131,144,152,157,180,240,293,305,322,389,451,500,574,1168,1175,1225
E1a1a:109,124T,131,144,152,157,240,293,305,322,389,451,500,574,1168,1175,1225
E1a1a1a_AP003428:109,124T,131,144,152,157,240,293,305,389,451,461G,500,574,1168,1175,1225
E1a1a_FJ236998:109,124T,131,144,152,157,240,278,293,305,322,389,451,500,574,1168,1175,1225
E1a1b1:109,124T,131,144,152,157,180,240,278,293,305,322,389,451,500,574,1168,1175,1225,1246
E1a1b1_KC250275_KF569218:109,124T,131,144,152,157,180,240,278,293,305,322,389,451,500,574,949,1168,1175,1225,1246
E1a1b2a:109,124T,131,144,152,157,180,240,293,305,322,389,451,500,574,949,1168,1175,1225
E1a1b2_KC469587:109,124T,131,144,152,157,180,240,293,305,322,389,451,500,574,1168,1175,1225,1254+A
E1a1b_FJ236994:109,124T,131,144,152,157,180,240,293,322,389,451,500,574,1168,1175,1225
E1b:109,131,144,152,157,180,240,293,305,322,386,389,451,500,574,1168,1175,1225
E2_EU117375:109,110,131,144,152,157,180,240,278,279,293,305,322,389,451,500,574,1168,1175,1225
