A:1315,1412,2065C,2339,3064,3594,4015,4459,4471,4939,5463A,5628,5636,5672,5708,5753,5797,6164,6296,6952,6970,7339,7513,7669,7837,8017,8581,9156,9435,10070,10100,10680,11184,11259,11944,12649,13049,14213,14639,14710,15025,15337,15685,15721,15838,16111,16258,16292
A1:1315,1412,2065C,2339,3594,4015,4459,4471,4939,5463A,5628,5672,5708,5753,5797,6164,6296,6952,6970,7339,7513,7669,7837,8017,8581,9156,9435,10070,10100,10680,11184,11259,11944,12649,13049,14213,14639,14710,15025,15337,15685,15721,15838,16111,16258,16292
A1a'b:1315,1412,2065C,2339,3594,4015,4459,4471,5628,5672,5708,5797,6164,6952,7339,7669,7837,8017,8581,9435,10070,10100,10680,11184,11259,11944,12649,13049,14213,14710,15025,15337,15685,15721,15838,16111,16258,16292
A1a:1315,2065C,3594,4471,5797,6164,6952,8581,11944,14710,15025,15337,15721,15838,16292
D:2065C,3594,4471,8581,14710,15337,15838
D1:2065C,2374,3594,4471,8581,11432,12064,14710,15337,15838,16301
D1a:2065C,2374,3594,4471,8581,11432,12064,14198,14710,15337,15838,16301
D1a1:2065C,2374,3594,4471,8581,11432,12064,14198,14710,15220,15337,15838,16301
D1a1a_EF545577:2065C,2374,3594,3798,4471,8581,9699,10680,11432,12064,14198,14639,14710,15220,15337,15838,16301
D1a1a_EF545590:2065C,2374,3594,4471,7081,8291A,8292,8581,10762,11432,12064,13803,14198,14710,15220,15337,15838,16301
D1a1b_AF486873:2065C,2374,3594,4471,8581,11432,12061,12064,14198,14710,15220,15337,15838,16301
D1a1c:2065C,2374,3594,4471,6261d,8581,11432,12064,14198,14710,15220,15337,15838,16301
D1a1c_AF486863:2065C,2374,3594,4471,6261d,8581,10043,11432,12064,14198,14710,15220,15337,15838,16301
D1a1c_AF486862:2065C,2374,3594,4471,5430T,5745,6261d,8581,11432,12064,12085,14198,14710,14908,15220,15337,15838,16301
_AF486865:2065C,2374,3594,4471,5066,5430T,5745,6261d,8581,11432,12064,12085,14198,14710,14908,15220,15337,15838,16301
_AF486871:2065C,2374,3594,4471,4858,5430T,5745,6261d,8581,11432,12064,12085,14710,14908,15220,15337,15838,16301
D1a1c_AF486864:2065C,2374,3594,4471,6261d,8581,11432,11665,12064,13830,14198,14405,14697,14710,15220,15337,15838,16301
D1a1c_AF486872:2065C,2374,3594,4471,6261d,8581,9625,11432,12064,14198,14710,15220,15337,15838,16301
D1a1c_AF486874:2065C,2374,3594,4471,5471,6261d,8581,11432,12064,12241,14198,14312,14710,15220,15337,15772,15838,16301
D1a1_JN601070_JN601071:2065C,2374,3571,3594,4471,5927,8581,10977,11432,12064,14198,14710,15220,15337,15838,16301
D1a1_JN601074:2065C,2374,3594,4471,5471,8581,11432,12064,14198,14312,14710,15220,15337,15772,15838,16301
D1a1_AF486855:2065C,2374,2514+A,3594,4471,7291,8581,9625,11432,12064,14198,14710,15220,15337,15838,16301
D1a1_KC493609:2065C,2374,3594,4471,5430T,5745,8581,9727,11432,12064,12085,14198,14642,14710,14908,15220,15337,15838,16219,16292,16301,16313,16393
D1a1_KF971862:1675T,2065C,2374,2735,3457+C,3594,4471,5597,6449d,7507,8581,9119d,9195,11401C,11432,11665,11831,12064,12374,13830,14198,14405,14710,14877,15002,15220,15337,15626,15838,16301,16489
D1a1_KF472179:2065C,2374,3594,4471,7321,8581,9288C,11432,12064,14198,14476,14710,15220,15337,15838,16301
D1a1_KC505408:2065C,2374,3594,4471,8581,11432,11555,12064,14198,14710,15220,15337,15838,16042,16301
D1a1_EF545591:2065C,2374,3048,3594,4429,4471,8491,8581,11432,12064,14198,14710,15220,15337,15838,16301,16594
D1a3:2065C,2374,3594,4471,8071,8581,9209,10616,11432,12064,14198,14710,15337,15838,16301
D1a3a:2065C,2374,3594,4471,5449,8071,8581,9209,10616,10740,11432,12064,14198,14710,15337,15767,15838,16301
D1a3_EF545583:2065C,2374,3594,4043,4471,8071,8581,9090,9209,9373,10616,11432,12064,14198,14710,14862,15337,15838,16301
D1a2_GQ220329:2065C,2374,3594,4471,6958,8282,8581,10704,11402,11414,11432,12241G,12692,13337,14198,14710,15337,15838,16301,16492,16681
D1a2_KF601700:2065C,2374,3594,4471,4484,6643,8581,11432,12064,13404,14198,14618,14710,15337,15770,15838,16301
D1a3:2065C,2374,3594,4471,8581,11414,11432,12064,14198,14710,15337,15838,16301
D1a3a:2065C,2374,2424,3594,4471,8581,11414,11432,12064,14198,14710,15337,15838,16301
D1a3a1:2065C,2374,2424,3594,4471,8581,11414,11432,12064,13694,14198,14710,15337,15838,16301
D1a3a1_KC505406:2065C,2374,2424,3090,3594,4471,8581,11414,11432,12064,13694,14198,14710,15337,15838
D1a3a1_KC505407:2065C,2374,2424,3594,4471,8581,11414,11432,12064,13694,14198,14710,15337,15838,16042,16219,16292,16301,16393
D1a3a_AF486859:2065C,2374,2424,3594,4471,7777,8581,11414,11432,12064,14198,14710,15337,15838,16301
D1a3_KC493610:2065C,2374,3594,4471,7486,8581,11414,11432,12064,14198,14216,14710,15337,15838,16301
D1a3_KC505409:2065C,2374,3594,4471,5006+T,8581,11414,11432,12064,13337,14198,14710,15337,15838,16301
D1a_KC493611:2065C,2374,3594,4471,4483,8581,11414,11432,12064,14198,14710,15337,15838,16042,16051,16144A,16166,16219,16292,16301,16313,16393
D1a_KC493607:2065C,2374,2548,3594,4471,8581,11414,11432,12064,13694,14198,14710,15337,15838,16301
D1b:2065C,2374,3434,3594,4471,8581,9372,11432,12064,13472C,14710,15337,15838,16301
D1b1:2065C,2374,3434,3594,4471,8267,8581,9372,11432,12064,13472C,14710,15337,15838,16301
D1b1_KC250274:2065C,2374,3434,3594,4471,8267,8581,9372,11432,12064,13472C,14710,15329C,15337,15838,16095,16301
D1b1_JN601075:1313,2065C,2374,3434,3594,4471,6988,8267,8545,8581,9372,11432,12064,13472C,14710,15337,15838,16301,16552
D1b1_KF767443:2065C,2374,3434,3594,4471,8267,8581,9372,11432,12064,12580,13472C,14710,15337,15838,16301
D1b_KF888634:2065C,2374,3434,3594,4471,5669,8581,9372,11432,12064,13472C,14341,14710,15337,15838,16301
D1b_EF545576:2065C,2374,3357,3434,3594,4471,7151,8581,8935,9372,10466,11432,12064,13472C,14710,15337,15838,16301
D1b_EF545575:2065C,2374,3434,3594,4471,4591,8581,9372,11000,11432,12064,13472C,14710,15337,15838,15850,16301,16317
D1c1:2065C,2374,3594,4471,8581,9699,11432,12064,14710,15337,15838,16301
D1c1a:2065C,2374,3594,4471,8581,9699,10493,11432,12064,14710,15337,15838,16301
D1c1a_EF545589:2065C,2374,3048,3594,4471,8581,9699,10493,11432,12064,14710,15337,15838,16301
D1c1a_AF486861:2065C,2374,3594,4471,8581,9699,10493,11432,12064,14507,14710,15337,15838,16301
D1c1b:2065C,2374,3594,4471,4558,7534,8581,9699,9902,11432,12064,14710,15337,15614,15838,16301
D1c1b1:2065C,2374,3594,4471,4558,6261d,7534,8581,9699,9902,11432,12064,14710,15337,15614,15838,16301
D1c1b1_AF486868:2065C,2374,3594,4471,4558,6261d,7534,8581,9047G,9424,9699,9902,11432,12064,14088+A,14710,15337,15614,15838,16301
D1c1b1_AB298688:2065C,2374,3594,4471,4558,6261d,6296G,7534,8581,9902,11432,12064,14710,15337,15614,15838,16301
D1c1b_EF545587:2065C,2374,3594,4471,4558,7534,8581,9699,9902,11432,12064,14063,14351,14710,15337,15614,15838,16301
D1c_AF486867:2065C,2374,3594,3971,4471,6261d,8581,9136,11432,12064,14710,15337,15838,15850,15886,16301
D1c_EF545574:2065C,2374,3594,4471,4831,5188,5417,8114,8581,11432,12064,14710,15337,15838,16301
D1d:2065C,2374,3594,4228,4471,8581,8860,8932,10161,11432,12064,12331,14710,15337,15485,15838,16301,16511
D1e:2065C,2374,3594,4471,8135,8581,11014A,11432,12064,14710,15337,15838,16301
D1e_KF660222:2065C,2374,3594,4471,7033,7702,8135,8207,8581,9953,11014A,11432,12064,14710,15337,15527,15595T,15838,15998,16285,16301
D1e_AF486857:2065C,2374,3594,4471,8135,8581,11014A,11432,12064,12782,14710,15337,15838,16301
D1e_KF472178:2065C,2374,3594,4471,8135,8207,8581,11014A,11432,12064,14710,15337,15838,15998,16301
D1e_AF486870:1391,2065C,2374,3594,4471,7843,8135,8581,8698,11014A,11432,12064,14594,14710,15337,15838,16301
D1g:2065T,2374,3594,4471,4831,8581,10810,11432,12064,14710,15337,15838,16301
D1h:2065C,2374,3594,4471,8581,9788,11432,12046,12064,13399,14710,14862,15337,15838,16301
D1f:2065C,2374,3594,4471,8581,10354,11432,12064,13202,14710,15337,15838,16301
D1_AF486856:1906,2065C,2182,2374,3594,4471,6179,6829,7138,8581,8860,9132,11432,12064,12313,14710,15337,15485,15838,16291,16301
D1i:2065C,2374,3594,4471,6539,7289,8581,8701,8774,10243,11414,11432,12064,12892,14710,15337,15838,16301
D2:2065C,3594,14710
D2_EF545573:2065C,3594,6300,11597,14558,14710
D2_KC493612:1990,2065C,3594,6077,8011,9542,14205T,14710
D3a:1311,2065C,3594,4471,5393,5435,7309,7468,7540,7615,8581,8686,11539,11552,14710,15154,15337,15838,15850,16468
D3a1:1311,2065C,3594,4471,5393,5435,7309,7468,7540,7615,8581,8686,10030,11539,11552,14710,15154,15337,15634,15838,15850,16468
D3a1a:1311,2065C,3565+T,3594,4471,5393,5435,6841,7309,7468,7540,7615,8581,8686,10030,11539,11552,14710,15154,15337,15634,15838,15850,16468
D3a1a_KC505410:1311,2065C,3565+T,3594,4471,5393,5435,6841,7309,7468,7540,7615,8581,8686,10030,11539,11552,14710,15154,15337,15634,15770,15838,15850,16468
D3a1_EF545572:1311,2065C,3594,4471,5393,5435,7309,7468,7540,7615,8533,8581,8686,10030,11539,11552,14710,15154,15337,15634,15838,15850,16468
D3a_KF472177:1311,2065C,3565+T,3594,4471,5393,5435,7309,7468,7540,7615,7688,8581,8686,11539,11552,14710,15154,15337,15838,15850,16468
D3b:2065C,3594,4471,6442,6961,8581,8590,8875,12805,13115,13131,13304,13632,14710,14862,15337,15379,15838
D4:2065C,3099,3594,4471,7559,8581,12241G,14710,15337,15838
D4a:2065C,3099,3568,3594,4471,5409,5417,5516,6262,7559,7886,8211d,8581,10150,11070,12241G,12760,14676,14710,15337,15838
D4a_GQ220328:2065C,3099,3568,3594,4030,4471,5409,5417,5516,6262,7559,7886,8211d,8581,9058,10150,11070,12241G,12760,14594,14676,14710,15337,15838
D4b:2065C,2340,3099,3594,4471,7559,8344,8581,12241G,13550,14594,14710,14955,15232,15337,15838
A1a2:1315,1412A,2065C,2338,3594,4471,4606,5797,5984,6164,6850,6952,8581,8967,11134,11276,11944,13220,13236,14249,14312,14370,14459,14710,15025,15337,15721,15838,16120,16270,16292
A1b:1315,1412,1446,2065C,2241,2339,2372,3594,3880,4015,4459,4471,5435,5465,5628,5648C,5672,5708,5797,6164,6952,7159,7339,7669,7798,7825,7837,8017,8551,8581,9022,9343,9346,9435,9699,10020,10070,10100,10680,10691,11184,11259,11944,12169,12649,13049,13051,13391,13674,14213,14523,14568,14710,14738,14774,15025,15301T,15337,15640,15685,15721,15749,15838,15862,16036,16111,16258,16292
A1a'b_KC505411:1275+T,1315,1412,1628,1638+A,2065C,2339,2383,3594,3862,3880,4015,4036,4090,4210,4393,4459,4471,5001+G,5465,5628,5672,5708,5797,5875,6164,6952,7264,7339,7585,7669,7798,7837,8017,8074,8365,8449,8551,8581,8755,9187,9435,10070,10100,10340,10680,11184,11259,11776,11944,12085,12142,12169,12649,13049,13056,14213,14710,14738,15025,15337,15551,15685,15721,15838,16036,16111,16258,16291,16292,16504
A1c:1315,1412,1834,1906,2065C,2339,2514+A,2726,3102,3594,4015,4459,4471,4939,5405,5463A,5628,5672,5708,5753,5797,6296,6582,6925,6952,6970,7339,7465,7513,7540,7669,7837,8017,8398,8581,8668,9052,9156,9309,9414,9435,9480,9699,9727,9822,10070,10100,10205,10457,10680,11174,11184,11259,11279,11341,11411,11735,11944,12649,12787,12909,13049,13159,13175,13227A,13460,13781,14213,14369,14540,14541,14639,14710,15025,15337,15685,15700,15721,15838,16036,16111,16258,16292,16400
A2:1315,1412,2065C,2339,3064,3594,3772,4015,4459,4471,4939,5463A,5628,5636,5672,5708,5753,5797,6164,6296,6859A,6952,6970,7339,7513,7669,7837,8017,8581,9156,9286,9435,9917,10070,10100,10680,11184,11259,11944,12649,12909,12959,13049,13667,14213,14639,14710,15025,15337,15685,15721,15838,16111,16258,16292
A2_EF545585:1315,1412,2065C,2339,3064,3594,3772,4015,4393,4459,4471,4939,5288,5417,5463A,5495,5628,5636,5708,5753,5797,6296,6805,6841,6859A,6952,6970,7339,7513,7669,7837,8017,8581,9156,9286,9435,9438,9775,9917,10070,10100,10658,10680,11184,11231,11259,11433,11944,12061,12241,12301,12649,12909,12959,13049,13643,13667,14213,14312,14370,14639,14710,15025,15337,15685,15721,15838,16111,16132A,16252,16255,16258,16292,16552
A2_EF545568:1315,1412,1717,2065C,2339,3064,3594,3772,4015,4063A,4369,4459,4471,4939,5463A,5564,5628,5636,5672,5708,5753,5797,6077,6164,6296,6802,6859A,6952,6970,7339,7513,7669,7837,8017,8229,8359,8581,8713,9156,9217,9286,9435,9917,10070,10100,10680,11154,11184,11259,11414,11944,11980,12442,12649,12909,12929T,12959,13049,13560,13667,14205,14213,14639,14710,14956,15025,15337,15685,15694,15721,15784A,15838,16018,16111,16136A,16292,16610
E:1304,1315,1412,1639,1990,2064,2065C,2071,2335,2339,2613,3064,3088,3102,3366,3451,3594,3640,3873T,3999,4015,4030,4081,4342,4369,4420,4438,4459,4471,4489A,4711,4737,4754,4846,4939,5168T,5207,5369,5463A,5552,5628,5636,5672,5678,5708,5753,5797,5873,5880,5963,6092,6138,6164,6171,6296,6298,6508,6925T,6952,6970,7009,7022,7108,7321,7339,7447,7486,7513,7669,7750,7837,8017,8371,8413,8498,8581,8605,8713,8743,8761,8773,9058,9156,9157,9225,9234,9435,9553,9752,9789,9837,9973,10070,10100,10484,10517,10529,10680,10753,10816,10944,11018,11071,11162,11184,11189,11259,11289,11366,11372,11683,11786,11830,11944,12109,12241,12298,12370,12469,12518,12583,12649,12675,12958,12962,13049,13433A,13581,13605,13838,13997,14209,14213,14313A,14399,14561C,14639,14710,14738,14812,14839,14947,14998,15025,15109,15127,15151,15277,15362,15625,15661,15685,15721,15838,15961,16111,16258,16292,16294,16297,16358,16456,16492,16552,16564,16608
E1:1304,1315,1412,1639,1990,2064,2065C,2071,2335,2339,2613,3064,3088,3102,3366,3451,3594,3640,3873T,3999,4015,4030,4081,4342,4369,4420,4438,4459,4471,4489A,4711,4737,4754,4846,4939,5168T,5207,5369,5463A,5552,5628,5636,5672,5678,5708,5753,5797,5873,5880,5948,5963,6092,6138,6164,6171,6296,6298,6508,6925T,6952,6970,7009,7022,7108,7321,7339,7447,7486,7513,7669,7750,7837,8017,8371,8413,8498,8581,8605,8713,8743,8761,8773,9058,9156,9157,9225,9234,9435,9553,9752,9789,9837,9973,10070,10100,10484,10517,10529,10680,10753,10816,10944,11018,11071,11162,11184,11189,11259,11289,11366,11372,11683,11786,11830,11944,12109,12241,12298,12370,12469,12518,12583,12649,12675,12958,12962,13049,13433A,13581,13605,13838,13997,14209,14213,14313A,14399,14561C,14639,14710,14738,14812,14839,14947,14998,15025,15109,15127,15151,15277,15362,15625,15661,15685,15721,15838,15961,16111,16258,16292,16294,16297,16358,16456,16492,16552,16564,16608
E1a:1304,1315,1412,1639,1990,2064,2065C,2071,2335,2339,2613,3064,3088,3102,3366,3451,3594,3640,3873T,3999,4015,4030,4081,4342,4369,4420,4438,4459,4471,4489A,4711,4737,4754,4846,4939,5168T,5207,5369,5463A,5552,5628,5636,5672,5678,5708,5753,5797,5873,5880,5948,5963,6092,6138,6164,6171,6296,6298,6508,6925T,6952,6970,7009,7022,7108,7321,7339,7447,7486,7513,7669,7750,7837,8017,8371,8413,8498,8581,8605,8713,8743,8761,8773,9058,9156,9157,9225,9234,9435,9553,9605,9752,9789,9973,10070,10100,10484,10517,10529,10680,10753,10816,10944,11018,11071,11162,11184,11189,11259,11289,11366,11372,11683,11786,11830,11944,12109,12241,12298,12370,12469,12518,12583,12649,12675,12958,12962,13049,13433A,13478,13581,13605,13838,13997,14209,14213,14313A,14399,14561C,14639,14710,14738,14812,14839,14947,14998,15025,15109,15127,15151,15277,15362,15625,15661,15685,15721,15838,15961,16111,16258,16292,16294,16297,16358,16456,16492,16552,16564,16608
E1a1a1:1304,1315,1412,1639,1990,2064,2065C,2071,2335,2339,2613,3064,3088,3102,3366,3451,3594,3640,3873T,3999,4015,4030,4081,4342,4369,4420,4438,4459,4471,4489A,4711,4737,4754,4846,4939,5168T,5207,5369,5463A,5552,5628,5636,5672,5678,5708,5753,5797,5873,5880,5948,5963,6092,6138,6164,6171,6296,6298,6508,6925T,6952,6970,7009,7022,7108,7321,7339,7447,7486,7513,7669,7750,7837,8017,8371,8413,8498,8581,8605,8713,8743,8761,8773,9058,9156,9157,9225,9234,9435,9553,9605,9752,9789,9973,10070,10100,10484,10529,10680,10753,10816,10944,11018,11071,11162,11184,11189,11259,11289,11366,11372,11683,11786,11830,11944,12109,12241,12298,12370,12469,12518,12583,12649,12675,12958,12962,13049,13433A,13478,13581,13605,13838,13997,14209,14213,14313A,14399,14561C,14639,14710,14738,14812,14839,14947,14998,15025,15109,15127,15151,15277,15362,15625,15661,15685,15721,15838,15961,16111,16258,16292,16294,16297,16358,16456,16492,16552,16564,16608
E1a1a1a:1304,1315,1412,1639,1990,2064,2065C,2071,2335,2339,2613,3064,3088,3102,3366,3451,3594,3640,3873T,3999,4015,4030,4081,4297,4342,4369,4420,4438,4459,4471,4489A,4711,4737,4754,4846,4939,5168T,5207,5369,5463A,5552,5628,5636,5672,5678,5708,5753,5797,5873,5880,5948,5963,6092,6138,6164,6171,6296,6298,6508,6925T,6952,6970,7009,7022,7108,7321,7339,7447,7486,7513,7669,7750,7837,8017,8371,8413,8498,8581,8605,8713,8743,8761,8773,9058,9156,9157,9225,9234,9435,9553,9605,9752,9789,9973,10070,10100,10484,10529,10680,10753,10816,10944,11018,11071,11162,11184,11189,11259,11289,11366,11372,11683,11786,11830,11944,12109,12241,12298,12370,12469,12518,12583,12649,12675,12958,12962,13049,13433A,13478,13581,13605,13838,13997,14209,14213,14313A,14399,14561C,14639,14710,14738,14812,14839,14947,14998,15025,15109,15127,15151,15277,15362,15625,15661,15685,15721,15838,15961,16111,16258,16292,16294,16297,16358,16456,16492,16552,16564,16608
E1a1a1a_AP003428:1304,1315,1412,1639,1990,2064,2065C,2071,2335,2339,2613,3064,3088,3102,3366,3451,3594,3640,3873T,3999,4015,4030,4081,4297,4342,4369,4420,4438,4459,4471,4489A,4711,4737,4754,4846,4939,5168T,5207,5369,5463A,5552,5628,5636,5672,5678,5708,5753,5797,5873,5880,5948,5963,6092,6138,6164,6171,6296,6298,6508,6925T,6952,6970,7009,7022,7108,7321,7339,7447,7486,7513,7669,7750,7837,8017,8371,8413,8498,8581,8605,8713,8743,8761,8773,9058,9156,9157,9225,9234,9435,9553,9605,9752,9789,9973,10070,10100,10484,10529,10680,10753,10816,10944,11018,11071,11162,11184,11189,11259,11289,11366,11372,11683,11786,11830,11944,12109,12241,12298,12370,12469,12518,12583,12649,12675,12958,12962,13049,13253,13433A,13478,13581,13605,13838,13994,13997,14209,14213,14313A,14399,14561C,14639,14710,14738,14812,14839,14947,14998,15025,15109,15127,15151,15277,15362,15625,15661,15685,15721,15838,15961,16010A,16111,16258,16292,16294,16297,16339,16358,16456,16492,16552,16564,16608
E1a1a1a_JN601072_JN601073:1304,1315,1412,1639,1990,2064,2065C,2071,2335,2339,2613,3064,3088,3102,3366,3451,3594,3640,3873T,3999,4015,4030,4081,4297,4342,4369,4420,4438,4459,4471,4483,4489A,4711,4737,4754,4846,4939,5168T,5207,5369,5463A,5552,5628,5636,5672,5678,5708,5753,5797,5873,5880,5948,5963,6092,6164,6171,6296,6298,6508,6925T,6952,6970,7009,7022,7108,7160,7321,7339,7417A,7447,7486,7513,7669,7750,7837,8017,8371,8413,8498,8581,8605,8713,8743,8761,8773,9058,9156,9157,9225,9234,9435,9553,9605,9752,9789,9973,10070,10100,10484,10529,10680,10753,10816,10944,11018,11071,11162,11184,11189,11259,11289,11366,11372,11683,11786,11830,11944,12109,12241,12298,12370,12469,12518,12583,12649,12675,12958,12962,13049,13307,13433A,13478,13581,13605,13838,13997,14209,14213,14313A,14399,14561C,14639,14710,14738,14742,14812,14839,14947,14998,15025,15109,15127,15151,15277,15362,15625,15661,15685,15721,15838,15961,16111,16258,16292,16294,16297,16358,16456,16492,16552,16564,16608
E1a1a1_JN601068_JN601069:1304,1315,1412,1639,1990,2064,2065C,2071,2335,2339,2613,3064,3088,3102,3366,3451,3594,3873T,3999,4015,4030,4081,4342,4369,4420,4438,4459,4471,4489A,4711,4737,4754,4846,4939,5168T,5207,5369,5463A,5552,5628,5636,5672,5678,5708,5753,5797,5873,5880,5948,5963,6092,6138,6164,6171,6296,6298,6508,6925T,6952,6970,7009,7022,7108,7321,7339,7447,7486,7513,7669,7750,7837,8017,8371,8413,8498,8581,8605,8713,8743,8761,8773,9058,9156,9157,9225,9234,9435,9553,9605,9752,9789,9973,10070,10100,10484,10529,10680,10753,10816,10944,11018,11071,11162,11184,11189,11259,11289,11366,11372,11683,11786,11830,11944,12109,12241,12298,12370,12469,12518,12583,12649,12675,12958,12962,13049,13433A,13478,13581,13605,13838,13997,14209,14213,14313A,14399,14561C,14639,14710,14738,14763,14812,14839,14947,14998,15025,15109,15127,15151,15277,15362,15625,15661,15685,15721,15838,15961,16111,16258,16292,16294,16297,16358,16456,16492,16552,16564,16608
E1a1a_FJ236998:1304,1315,1412,1639,1990,2064,2065C,2071,2335,2339,2613,3064,3088,3102,3366,3451,3594,3640,3873T,3999,4015,4030,4081,4342,4369,4420,4438,4459,4471,4489A,4711,4737,4748,4754,4846,4939,5168T,5207,5369,5463A,5552,5628,5636,5672,5678,5708,5753,5797,5873,5880,5948,5963,6092,6138,6164,6171,6296,6298,6508,6925T,6952,6970,7009,7022,7108,7321,7339,7447,7486,7513,7669,7750,7837,8017,8371,8413,8498,8581,8605,8713,8743,8761,8773,9058,9156,9157,9225,9234,9435,9553,9605,9699,9752,9789,9973,10070,10100,10517,10529,10680,10753,10816,10944,11018,11071,11162,11184,11189,11259,11289,11366,11372,11683,11786,11830,11944,12109,12241,12298,12370,12469,12518,12583,12649,12675,12958,12962,13049,13433A,13478,13581,13605,13838,13997,14209,14213,14313A,14399,14561C,14639,14710,14738,14812,14839,14947,14998,15025,15109,15127,15151,15277,15362,15625,15661,15685,15721,15838,15961,16111,16258,16292,16294,16297,16358,16456,16492,16552,16564,16608
E1a1a_FJ236997:1304,1315,1412,1639,1990,2064,2065C,2071,2335,2339,2613,3064,3088,3102,3366,3451,3594,3640,3873T,3999,4015,4030,4081,4342,4369,4420,4438,4459,4471,4489A,4711,4737,4754,4846,4939,5168T,5207,5369,5463A,5552,5628,5636,5672,5678,5708,5753,5797,5873,5880,5948,5963,6092,6138,6164,6171,6296,6298,6508,6925T,6952,6970,7009,7022,7108,7321,7339,7447,7486,7513,7669,7750,7837,8017,8371,8413,8498,8581,8605,8713,8743,8761,8773,9058,9156,9157,9225,9234,9435,9553,9605,9752,9789,9973,10070,10100,10484,10517,10529,10680,10753,10816,10944,11018,11071,11162,11176,11184,11189,11259,11289,11366,11372,11683,11786,11830,11944,12109,12241,12298,12370,12469,12518,12583,12649,12675,12958,12962,13049,13433A,13478,13581,13605,13838,13997,14209,14213,14313A,14399,14561C,14639,14710,14738,14812,14839,14947,14998,15025,15109,15127,15151,15209,15277,15362,15625,15661,15685,15721,15838,15961,16111,16258,16292,16294,16297,16358,16456,16492,16552,16564,16608
E1a1b:1304,1315,1412,1639,1990,2064,2065C,2071,2335,2339,2613,3064,3088,3102,3366,3451,3594,3640,3873T,3999,4015,4030,4081,4342,4369,4420,4438,4459,4489A,4711,4737,4754,4846,4939,5168T,5207,5369,5463A,5552,5628,5636,5672,5678,5708,5753,5797,5873,5880,5948,5963,6092,6138,6164,6171,6296,6298,6508,6925T,6952,6970,7009,7022,7108,7321,7339,7447,7486,7513,7669,7750,7837,8017,8371,8413,8498,8581,8605,8713,8743,8761,8773,9058,9156,9157,9225,9234,9435,9553,9605,9752,9789,9973,10070,10100,10484,10517,10529,10680,10753,10816,10944,11018,11071,11162,11184,11189,11259,11289,11366,11372,11683,11786,11830,11944,12109,12241,12298,12370,12469,12518,12583,12649,12675,12958,12962,13049,13433A,13478,13581,13605,13838,13997,14209,14213,14313A,14399,14561C,14639,14710,14738,14812,14839,14947,14998,15025,15109,15127,15151,15277,15362,15625,15661,15685,15721,15838,15961,16111,16258,16292,16294,16297,16358,16456,16492,16552,16564,16608
E1a1b1:1304,1315,1412,1639,1990,2064,2065C,2071,2335,2339,2613,3064,3088,3102,3366,3451,3594,3640,3873T,3999,4015,4030,4081,4342,4369,4420,4438,4459,4489A,4711,4737,4754,4846,4939,5168T,5207,5369,5463A,5552,5628,5636,5672,5678,5708,5753,5797,5873,5880,5948,5963,6092,6138,6164,6171,6296,6298,6508,6925T,6952,6970,7009,7022,7108,7321,7339,7447,7486,7513,7669,7750,7837,8017,8371,8413,8498,8581,8605,8713,8743,8761,8773,9058,9156,9157,9225,9234,9435,9553,9605,9752,9789,9973,10070,10100,10484,10517,10529,10680,10753,10816,10944,11018,11071,11162,11184,11189,11259,11289,11327,11366,11372,11683,11786,11830,11944,12109,12241,12298,12370,12469,12518,12583,12649,12675,12958,12962,13049,13113,13433A,13478,13581,13605,13838,13997,14209,14213,14313A,14399,14561C,14639,14710,14738,14812,14839,14947,14998,15025,15109,15127,15151,15277,15362,15625,15661,15685,15721,15838,15961,16111,16258,16292,16294,16297,16358,16456,16492,16552,16564,16608
E1a1b1_KC250275_KF569218:1304,1315,1412,1639,1990,2064,2065C,2071,2335,2339,2613,3064,3088,3102,3366,3451,3594,3640,3873T,3999,4015,4030,4081,4342,4369,4420,4438,4459,4489A,4711,4737,4754,4846,4939,5168T,5207,5369,5463A,5552,5628,5636,5672,5678,5708,5753,5797,5873,5880,5948,5963,6092,6138,6164,6171,6296,6298,6508,6925T,6952,6970,7009,7022,7108,7321,7339,7447,7486,7513,7669,7750,7837,8017,8371,8413,8498,8581,8605,8713,8743,8761,8773,9058,9156,9157,9225,9234,9435,9553,9605,9752,9789,9973,10070,10100,10484,10529,10680,10753,10816,10944,11018,11071,11162,11184,11189,11259,11289,11327,11366,11372,11683,11786,11830,11944,12109,12241,12298,12370,12469,12518,12583,12649,12675,12958,12962,13049,13113,13433A,13478,13581,13605,13838,13997,14209,14213,14313A,14399,14561C,14639,14710,14738,14812,14839,14947,14998,15025,15109,15127,15151,15277,15362,15625,15661,15685,15721,15838,15961,16111,16258,16292,16294,16297,16330,16358,16456,16492,16552,16564,16608
E1a1b1_FJ236996:1304,1315,1412,1639,1990,2064,2065C,2071,2335,2339,2613,3064,3088,3102,3366,3451,3594,3640,3873T,3999,4015,4030,4081,4342,4369,4420,4438,4459,4489A,4711,4737,4754,4846,4939,5168T,5207,5369,5463A,5552,5628,5636,5672,5678,5708,5753,5797,5873,5880,5948,5963,6092,6138,6164,6171,6296,6298,6508,6787,6925T,6952,6970,7009,7022,7108,7321,7339,7447,7486,7513,7669,7750,7837,8017,8371,8413,8498,8581,8605,8713,8743,8761,8773,9058,9156,9157,9225,9234,9412,9435,9553,9605,9752,9789,9973,10070,10100,10484,10517,10529,10680,10753,10816,10944,11018,11071,11162,11184,11189,11259,11289,11327,11366,11372,11683,11786,11830,11944,12109,12241,12298,12370,12469,12518,12583,12649,12675,12958,12962,13049,13113,13433A,13478,13581,13605,13838,13997,14209,14213,14313A,14399,14561C,14639,14710,14738,14812,14839,14947,14998,15025,15109,15127,15151,15277,15362,15625,15661,15685,15721,15838,15961,16111,16258,16292,16294,16297,16358,16456,16492,16552,16564,16608
E1a1b2:1304,1315,1412,1639,1990,2064,2065C,2071,2335,2339,2613,3064,3088,3102,3366,3451,3594,3640,3873T,3999,4015,4030,4081,4342,4369,4420,4438,4459,4489A,4711,4737,4754,4846,4939,5168T,5207,5369,5463A,5552,5628,5636,5672,5678,5708,5753,5797,5873,5880,5948,5963,6092,6138,6164,6171,6296,6298,6508,6925T,6952,6970,7009,7022,7108,7321,7339,7447,7486,7513,7669,7750,7837,8017,8371,8413,8498,8581,8605,8713,8743,8761,8773,9058,9156,9157,9225,9234,9435,9553,9605,9752,9789,9973,10070,10100,10484,10529,10680,10753,10816,10944,11018,11071,11162,11184,11189,11259,11289,11366,11372,11683,11786,11830,11944,12109,12241,12298,12370,12469,12518,12583,12649,12675,12958,12962,13049,13433A,13478,13581,13605,13838,13997,14209,14213,14313A,14399,14561C,14639,14710,14738,14812,14839,14947,14998,15025,15109,15127,15151,15277,15362,15625,15661,15685,15721,15838,15961,16111,16258,16292,16294,16297,16358,16456,16492,16552,16564,16608
E1a1b2a_JN601066_JN601067:1304,1315,1412,1639,1990,2064,2065C,2071,2335,2339,2613,3064,3088,3102,3366,3451,3594,3640,3873T,3999,4015,4030,4081,4342,4369,4420,4438,4459,4489A,4711,4737,4754,4846,4939,5168T,5207,5369,5463A,5552,5628,5636,5672,5678,5708,5753,5797,5873,5880,5948,5963,6092,6138,6164,6171,6296,6298,6508,6925T,6952,6970,7009,7022,7108,7321,7339,7447,7486,7513,7669,7750,7837,8017,8371,8413,8498,8581,8605,8713,8743,8761,8773,9058,9156,9157,9225,9234,9435,9553,9605,9752,9789,9973,10070,10100,10484,10529,10680,10753,10816,10944,11018,11071,11162,11184,11189,11259,11289,11366,11372,11683,11786,11830,11944,12109,12241,12298,12370,12469,12518,12583,12649,12675,12958,12962,13049,13433A,13478,13581,13605,13838,13997,14209,14213,14313A,14399,14477T,14561C,14639,14710,14738,14812,14839,14947,14998,15025,15109,15127,15151,15277,15333,15362,15625,15661,15685,15721,15838,15961,16111,16258,16292,16294,16297,16358,16456,16492,16552,16564,16608
E1a1b2a_KF767444:1304,1315,1412,1639,1990,2064,2065C,2071,2335,2339,2613,3064,3088,3102,3366,3451,3594,3640,3873T,3962,3999,4015,4030,4081,4342,4369,4420,4438,4459,4489A,4711,4737,4754,4846,4939,5168T,5207,5369,5463A,5552,5628,5636,5672,5678,5708,5753,5797,5873,5880,5948,5963,6092,6138,6164,6171,6296,6298,6508,6925T,6952,6970,7009,7022,7108,7312T,7321,7339,7447,7486,7513,7669,7750,7837,8017,8371,8413,8498,8581,8605,8713,8743,8761,8773,9058,9156,9157,9225,9234,9435,9553,9605,9752,9789,9973,10070,10100,10484,10529,10680,10753,10797,10816,10944,11018,11071,11162,11184,11189,11259,11289,11366,11372,11683,11786,11830,11944,12109,12241,12298,12370,12469,12518,12583,12649,12675,12958,12962,13049,13084,13433A,13478,13581,13605,13838,13997,14209,14213,14313A,14399,14561C,14639,14710,14738,14812,14839,14947,14998,15025,15109,15127,15151,15277,15362,15625,15661,15685,15721,15838,15961,16111,16131,16258,16292,16294,16297,16358,16456,16492,16552,16564,16608
E1a1b2_KC469587:1304,1315,1412,1639,1990,2064,2065C,2071,2335,2339,2613,3064,3088,3102,3366,3451,3594,3640,3873T,3999,4015,4030,4081,4342,4369,4420,4438,4459,4489A,4711,4737,4754,4846,4860T,4939,5168T,5207,5369,5463A,5552,5628,5636,5672,5678,5708,5753,5797,5873,5880,5948,5963,6092,6138,6164,6171,6296,6298,6508,6688,6856,6925T,6952,6970,7009,7022,7108,7321,7339,7447,7486,7513,7669,7750,7837,8017,8371,8413,8498,8581,8605,8713,8743,8761,8773,9058,9156,9157,9225,9234,9435,9553,9605,9752,9789,9973,10070,10100,10484,10529,10680,10753,10816,10944,11018,11071,11162,11184,11189,11259,11289,11366,11372,11683,11786,11830,11944,12109,12241,12298,12370,12469,12518,12583,12649,12675,12958,12962,13049,13433A,13478,13581,13605,13838,13997,14209,14213,14313A,14399,14561C,14639,14710,14738,14812,14839,14947,14998,15025,15109,15127,15151,15277,15362,15625,15661,15685,15721,15838,15961,16111,16258,16292,16294,16297,16358,16456,16492,16552,16564,16608
E1a1b_FJ236994:1304,1315,1412,1639,1990,2064,2065C,2071,2335,2339,2613,3064,3088,3102,3366,3451,3594,3640,3873T,3999,4015,4030,4081,4342,4369,4420,4438,4459,4489A,4711,4737,4754,4846,4939,5168T,5207,5369,5463A,5552,5628,5636,5672,5678,5708,5753,5770,5797,5873,5880,5948,5963,6092,6138,6164,6171,6296,6298,6508,6925T,6952,6970,7009,7022,7108,7321,7339,7447,7486,7513,7669,7750,7837,8017,8371,8413,8498,8581,8605,8713,8743,8761,8773,9058,9156,9157,9225,9234,9435,9553,9605,9752,9789,9973,10070,10100,10484,10517,10529,10680,10753,10816,10944,11018,11071,11162,11184,11189,11259,11289,11366,11372,11683,11786,11830,11944,11966,12109,12241,12298,12370,12469,12518,12583,12649,12675,12958,12962,13049,13433A,13478,13581,13605,13838,13997,14209,14213,14313A,14399,14561C,14639,14710,14738,14812,14839,14947,14998,15025,15109,15127,15151,15277,15362,15625,15661,15685,15721,15838,15961,16111,16258,16292,16294,16297,16358,16456,16492,16552,16564,16608
E1a2:1304,1315,1412,1639,1990,2064,2065C,2071,2335,2339,2613,3064,3088,3102,3366,3451,3594,3640,3873T,3999,4015,4030,4081,4342,4369,4420,4438,4459,4471,4489A,4711,4737,4754,4846,4939,5168T,5207,5369,5463A,5552,5628,5636,5672,5678,5708,5753,5797,5873,5880,5948,5963,6092,6138,6164,6171,6296,6298,6508,6925T,6952,6970,7009,7022,7108,7234,7321,7339,7447,7486,7513,7669,7750,7837,8017,8371,8413,8498,8581,8605,8713,8743,8761,8773,9058,9149,9156,9157,9225,9234,9435,9553,9605,9752,9789,9973,10070,10100,10484,10517,10529,10680,10753,10816,10944,11018,11071,11162,11184,11189,11259,11289,11366,11372,11683,11786,11830,11944,12109,12241,12298,12370,12469,12518,12583,12649,12675,12958,12962,13049,13307,13433A,13478,13581,13605,13838,13997,14209,14213,14313A,14361,14399,14495,14561C,14639,14710,14738,14812,14839,14947,14998,15025,15109,15127,15151,15277,15362,15625,15661,15685,15721,15838,15961,16111,16258,16292,16294,16297,16358,16456,16492,16552,16564,16608
E1b:1304,1315,1412,1639,1990,2064,2065C,2071,2335,2339,2613,3064,3088,3102,3366,3451,3594,3640,3873T,3999,4015,4030,4081,4342,4369,4420,4438,4459,4471,4489A,4711,4737,4754,4846,4939,5168T,5207,5369,5463A,5552,5628,5636,5672,5678,5708,5753,5797,5873,5880,5948,5963,6092,6138,6164,6171,6296,6298,6508,6925T,6952,6970,7009,7022,7108,7321,7339,7447,7486,7513,7669,7750,7837,8017,8371,8413,8442,8498,8581,8605,8713,8743,8761,8773,9058,9156,9157,9225,9234,9435,9553,9752,9789,9837,9973,10070,10100,10478,10484,10517,10529,10680,10753,10816,10944,11018,11071,11162,11184,11189,11259,11289,11366,11372,11537,11683,11786,11830,11944,12109,12241,12298,12370,12469,12518,12583,12649,12675,12958,12962,13049,13433A,13581,13605,13838,13997,14209,14213,14313A,14399,14561C,14639,14710,14738,14812,14839,14947,14998,15025,15109,15127,15151,15277,15362,15625,15661,15685,15721,15838,15961,16111,16258,16292,16294,16297,16358,16456,16492,16552,16564,16608
E1b1:1304,1315,1412,1639,1990,2064,2065C,2071,2335,2339,2613,3064,3088,3102,3366,3451,3594,3640,3873T,3999,4015,4030,4081,4342,4369,4420,4438,4459,4471,4489A,4711,4737,4754,4846,4939,5168T,5187,5207,5369,5463A,5552,5628,5636,5672,5678,5708,5753,5797,5873,5880,5948,5963,6092,6138,6164,6171,6296,6298,6508,6925T,6952,6970,7009,7022,7108,7321,7339,7447,7486,7513,7669,7750,7837,8017,8371,8413,8442,8498,8581,8605,8713,8743,8761,8773,9058,9156,9157,9225,9234,9435,9553,9752,9789,9837,9973,10070,10100,10478,10484,10517,10529,10680,10753,10816,10944,11018,11071,11162,11184,11189,11259,11289,11366,11372,11537,11683,11786,11830,11944,12109,12241,12298,12370,12469,12518,12583,12649,12675,12958,12962,13049,13433A,13581,13605,13838,13997,14209,14213,14313A,14399,14561C,14639,14710,14738,14812,14839,14947,14998,15025,15109,15127,15151,15277,15362,15625,15661,15685,15721,15838,15961,16111,16258,16292,16294,16297,16358,16456,16492,16552,16564,16608
E1b1_FJ237001:1304,1315,1412,1639,1990,2064,2065C,2071,2335,2339,2613,3064,3088,3102,3366,3451,3594,3640,3873T,3999,4015,4030,4081,4342,4369,4420,4438,4459,4471,4489A,4711,4737,4754,4846,4939,5168T,5187,5207,5369,5463A,5552,5628,5636,5672,5678,5708,5753,5797,5873,5880,5948,5963,6092,6138,6164,6171,6296,6298,6508,6925T,6952,6970,7009,7022,7108,7321,7339,7447,7486,7513,7669,7750,7837,8017,8371,8413,8442,8498,8581,8605,8713,8743,8761,8773,9058,9156,9157,9225,9234,9435,9553,9752,9789,9837,9973,10070,10100,10478,10484,10517,10529,10680,10753,10816,10944,11018,11071,11162,11184,11189,11259,11289,11366,11372,11537,11683,11786,11830,11944,12109,12241,12298,12370,12469,12518,12583,12649,12675,12958,12962,13049,13158,13433A,13581,13605,13838,13997,14209,14213,14313A,14399,14561C,14639,14710,14738,14812,14839,14947,14998,15025,15109,15127,15151,15277,15362,15625,15661,15685,15721,15838,15961,16111,16258,16292,16294,16297,16358,16456,16492,16552,16564,16608
E1b2:1304,1315,1412,1639,1990,2064,2065C,2071,2335,2339,2613,3064,3088,3102,3366,3451,3594,3640,3873T,3999,4015,4030,4081,4342,4369,4420,4438,4459,4471,4489A,4711,4737,4754,4846,4939,5168T,5207,5369,5463A,5552,5628,5636,5672,5678,5708,5753,5797,5873,5880,5948,5963,6092,6138,6164,6171,6296,6298,6508,6925T,6952,6970,7009,7022,7108,7321,7339,7447,7486,7513,7669,7750,7837,8017,8371,8413,8442,8498,8581,8605,8713,8743,8761,8773,9058,9156,9157,9225,9234,9435,9553,9752,9789,9837,9973,10070,10100,10478,10484,10517,10529,10680,10753,10816,10845,10944,11018,11071,11162,11184,11189,11259,11289,11366,11372,11537,11683,11776,11786,11830,11944,12109,12241,12298,12370,12469,12518,12583,12649,12675,12958,12962,13049,13433A,13581,13605,13838,13997,14209,14213,14313A,14399,14561C,14639,14710,14738,14812,14839,14947,14998,15025,15109,15127,15151,15277,15362,15625,15661,15685,15721,15838,15961,16111,16258,16292,16294,16297,16358,16456,16492,16552,16564,16608
E2:1304,1315,1412,1639,1990,2064,2065C,2071,2335,2339,2613,3064,3088,3102,3366,3451,3594,3640,3873T,3999,4015,4030,4081,4342,4369,4420,4438,4459,4471,4489A,4711,4737,4754,4846,4939,5168T,5207,5369,5463A,5552,5628,5636,5672,5678,5708,5753,5797,5873,5880,5963,6092,6138,6164,6171,6296,6298,6508,6925T,6952,6970,7009,7022,7108,7321,7339,7447,7486,7513,7669,7750,7837,8017,8371,8413,8498,8581,8605,8713,8743,8761,8773,9058,9156,9157,9225,9234,9252,9435,9553,9752,9789,9837,9973,10070,10100,10365,10484,10517,10529,10680,10753,10816,10944,11018,11071,11162,11184,11189,11259,11289,11366,11372,11683,11786,11830,11944,12109,12241,12298,12370,12469,12518,12583,12649,12675,12958,12962,13049,13433A,13581,13605,13838,13997,14209,14213,14313A,14399,14561C,14639,14710,14738,14812,14839,14947,14998,15025,15109,15127,15151,15277,15362,15625,15661,15685,15721,15838,15961,15973,16111,16258,16292,16294,16297,16358,16456,16492,16552,16564,16608
E2_EU117375:1272,1304,1315,1412,1639,1990,2064,2065C,2071,2335,2339,2613,3064,3088,3102,3366,3451,3594,3640,3873T,3999,4015,4030,4081,4342,4369,4420,4438,4459,4471,4489A,4711,4737,4754,4846,4939,5168T,5207,5369,5463A,5552,5628,5636,5672,5678,5708,5753,5797,5873,5880,5963,6092,6138,6164,6171,6296,6298,6508,6925T,6952,6970,7009,7022,7108,7321,7339,7447,7486,7513,7669,7750,7759,7837,8017,8371,8413,8498,8581,8605,8713,8743,8761,8773,9058,9156,9157,9225,9234,9252,9345T,9435,9553,9752,9789,9837,9973,10070,10100,10365,10484,10517,10529,10680,10753,10816,10944,11018,11071,11162,11184,11189,11259,11289,11366,11372,11683,11786,11830,11944,12109,12241,12298,12370,12469,12518,12583,12649,12675,12958,12962,13049,13433A,13581,13605,13838,13997,14209,14213,14313A,14399,14561C,14639,14710,14738,14812,14839,14947,14998,15025,15109,15127,15151,15277,15362,15565,15625,15661,15685,15721,15838,15961,15973,16111,16258,16292,16294,16297,16358,16456,16492,16552,16564,16608
E2_FJ236992:1304,1315,1412,1639,1969,1990,2064,2065C,2071,2335,2339,2613,3064,3088,3102,3366,3451,3594,3640,3873T,3999,4015,4030,4081,4342,4369,4420,4438,4459,4471,4489A,4711,4737,4754,4846,4939,5168T,5207,5369,5463A,5552,5628,5636,5672,5678,5708,5753,5797,5873,5880,5963,6092,6138,6164,6171,6296,6298,6508,6925T,6952,6970,7009,7022,7108,7321,7339,7447,7486,7513,7669,7750,7837,8017,8371,8413,8498,8581,8605,8713,8743,8761,8773,9058,9156,9157,9225,9234,9252,9435,9553,9752,9789,9837,9973,10070,10100,10358,10365,10484,10517,10529,10680,10753,10816,10944,11018,11071,11162,11184,11189,11259,11289,11366,11372,11683,11786,11830,11944,12109,12241,12298,12370,12469,12518,12583,12649,12675,12958,12962,13049,13433A,13581,13605,13838,13997,14209,14213,14313A,14399,14561C,14639,14710,14738,14812,14839,14947,14998,15025,15109,15127,15151,15277,15362,15625,15661,15685,15721,15838,15961,15973,16111,16258,16292,16294,16297,16358,16456,16492,16552,16564,16608
E2_FJ236991:1304,1315,1412,1639,1990,2064,2065C,2071,2335,2339,2613,3064,3088,3102,3366,3451,3594,3640,3873T,3999,4015,4030,4081,4342,4369,4420,4438,4459,4471,4489A,4711,4737,4754,4846,4939,5168T,5207,5358T,5369,5463A,5552,5628,5636,5672,5678,5708,5753,5797,5873,5880,5963,6092,6138,6164,6171,6296,6298,6508,6925T,6952,6970,7009,7022,7108,7321,7339,7447,7486,7513,7669,7750,7837,8017,8371,8413,8498,8581,8605,8713,8743,8761,8773,9058,9156,9157,9225,9234,9252,9435,9553,9752,9789,9837,9973,10070,10100,10365,10484,10517,10529,10680,10753,10816,10899,10944,11018,11071,11162,11184,11189,11259,11289,11366,11372,11683,11786,11830,11944,12109,12241,12298,12370,12469,12518,12583,12649,12675,12958,12962,13049,13433A,13581,13605,13838,13997,14209,14213,14313A,14399,14561C,14639,14710,14738,14812,14839,14947,14998,15025,15109,15127,15151,15277,15362,15625,15661,15685,15721,15838,15961,15973,15996,16111,16258,16292,16294,16297,16358,16456,16492,16552,16564,16608
E2_FJ236995:1304,1315,1412,1639,1990,2064,2065C,2071,2335,2339,2613,3064,3088,3102,3366,3451,3594,3873T,3999,4015,4030,4081,4342,4369,4420,4438,4459,4471,4489A,4711,4737,4754,4846,4939,5168T,5207,5369,5463A,5552,5628,5636,5672,5678,5708,5753,5797,5873,5880,5963,6092,6138,6164,6171,6296,6298,6508,6925T,6952,6970,7009,7022,7108,7321,7339,7447,7486,7513,7669,7750,7837,8017,8371,8413,8498,8581,8605,8713,8743,8761,8773,9058,9156,9157,9225,9234,9252,9435,9553,9601,9752,9789,9837,9973,10070,10100,10365,10484,10517,10529,10680,10753,10816,10944,11018,11071,11162,11184,11186,11189,11259,11289,11366,11372,11683,11786,11830,11944,12109,12241,12298,12370,12469,12518,12583,12649,12675,12958,12962,13049,13166,13433A,13581,13605,13838,13997,14003,14209,14213,14313A,14399,14561C,14639,14710,14738,14812,14839,14947,14998,15025,15109,15127,15151,15277,15362,15625,15661,15685,15721,15838,15961,15973,16111,16258,16292,16294,16297,16358,16456,16492,16520,16552,16564,16608
