AB:15583,15597,15708,15721,15800,15806,15820,15956,15972,15978,16020,16036,16042,16048,16096,16097,16128,16209,16217,16342+C,16343,16440,16453,16472d,16602
A:15459,15484,15547,15583,15597,15635,15638,15639,15642+T,15645,15656,15657,15708,15721,15731,15800,15806,15820,15858,15864,15881,15939,15956,15957,15958,15972,15978,15982,16020,16022,16036,16042,16048,16096,16097,16128,16209,16217,16342+C,16343,16440,16453,16472d,16602
A1:15459,15484,15547,15583,15597,15635,15638,15639,15642+T,15645,15656,15657,15708,15714,15721,15731,15789,15800,15806,15820,15858,15864,15881,15939,15944,15956,15957,15958,15972,15978,15982,16020,16022,16036,16042,16048,16096,16097,16128,16209,16217,16342+C,16343,16440,16453,16472d,16602
A1a:15459,15484,15547,15583,15597,15635,15638,15639,15642,15642+T,15645,15656,15657,15708,15714,15721,15731,15789,15800,15806,15820,15858,15864,15881,15939,15944,15956,15957,15958,15972,15978,15982,16020,16022,16036,16042,16048,16096,16097,16128,16209,16217,16342+C,16343,16440,16453,16472d,16602
A1a_KF302440_KF302441_KF302442_KF302443_KF302444:15459,15461,15484,15547,15583,15597,15635,15638,15639,15642,15642+T,15645,15656,15657,15708,15714,15721,15731,15732,15789,15800,15806,15807,15820,15858,15864,15881,15939,15944,15956,15957,15958,15972,15978,15982,16020,16022,16036,16042,16048,16096,16097,16128,16209,16217,16342+C,16343,16440,16453,16472d,16602
A1b:15459,15484,15547,15583,15597,15635,15638,15639,15642+T,15645,15656,15708,15714,15721,15731,15789,15800,15806,15820,15858,15864,15881,15939,15944,15956,15957,15958,15972,15978,15982,16020,16022,16036,16042,16048,16096,16097,16128,16209,16217,16342+C,16343,16440,16453,16472d,16602
A1b_HM236174:15459,15484,15547,15583,15597,15635,15638,15639,15642+T,15645,15656,15708,15714,15721,15731,15743,15789,15800,15806,15818,15820,15858,15864,15881,15893,15939,15944,15956,15957,15958,15978,15982,16020,16022,16036,16042,16048,16096,16097,16128,16209,16217,16342+C,16343,16440,16453,16472d,16602
A1b_HM236175:15459,15484,15547,15583,15597,15635,15638,15639,15642+T,15645,15656,15708,15714,15721,15731,15789,15800,15806,15820,15858,15864,15881,15939,15956,15957,15958,15972,15978,15982,16020,16022,16036,16042,16048,16096,16097,16128,16209,16217,16342+C,16343,16440,16453,16472d,16602
A1c:15459,15484,15547,15583,15597,15635,15638,15639,15642+T,15645,15656,15657,15708,15714,15721,15731,15789,15800,15806,15820,15858,15864,15881,15939,15944,15956,15957,15958,15972,15978,15982,16020,16022,16036,16042,16096,16097,16128,16209,16217,16342+C,16343,16440,16453,16472d,16602
A2:15459,15484,15547,15583,15597,15635,15638,15639,15642+T,15645,15656,15657,15708,15721,15731,15732,15800,15806,15820,15858,15859,15864,15881,15917,15918C,15931,15939,15957,15958,15972,15978,15982,16020,16022,16036,16042,16048,16096,16097,16128,16209,16217,16342+C,16343,16440,16453,16472d,16602
B:15721,15783,15800,15820,16128,16342+C,16343,16440,16472d
B1:15721,15783,15800,15820,16128,16342+C,16343,16472d
B1a1:15721,15783,15800,15820,16128,16342+C,16343
B1a1a:15721,15783,15800,15820,15958,16128,16342+C,16343,16400,16409
B1a1a_KF302449:15721,15732,15783,15800,15820,15858,15958,16128,16342+C,16343,16400,16409
B1a1b:16128,16342+C,16343
B1a1b_KF977846:15579C,16096,16128,16342+C,16343,16453,16472d
B1a2:15721,15783,15800,15820,15923,16128,16342+C,16343,16472d
B1a2a:15721,15800,15820,15923,16128,16342+C,16343,16472d
B1a2a1a:15721,15800,15820,15923,15931,15978,16128,16342+C,16343,16472d
B1a2a1a1:15721,15800,15820,15923,15931,15978,16128,16342+C,16343,16472d,16498
B1a2a1a1_KF302458:15721,15800,15820,15858,15923,15931,15978,16128,16342+C,16343,16472d,16498
B1a2a1a_KF302457_KF302456:15721,15800,15820,15858,15871,15912,15923,15931,15978,16128,16342+C,16343,16472d
B1a2a2a:15721,15773,15800,15807,15820,15854A,15893,15923,16128,16342+C,16343,16472d
B1a2a3a:15618,15708,15721,15743,15800,15818,15820,15923,15933,15978,15983,16036,16128,16342+C,16343,16392,16472d,16602
B1a2a2:15721,15800,15820,15923,16019,16128,16277,16342+C,16343,16453,16472d
B1a2a3:15603,15721,15800,15820,15923,16128,16342+C,16343,16356,16453,16472d
B1a2b:15721,15783,15800,15820,15881,15923,15931,16128,16342+C,16343,16472d
B1a2b1:15721,15783,15800,15820,15881,15923,15931,16128,16342+C,16343,16347,16472d,16602
B1a2b1_KF302462:15721,15783,15800,15820,15881,15923,15931,16128,16342+C,16343,16347,16472d,16544,16602
B1a2_EF490454:15618,15657,15670,15679,15721,15743,15783,15800,15818,15820,15858,15894,15923,15957,15978,16128,16264,16277,16342+C,16343,16392,16472d
B1a3:15445,15721,15783,15800,15820,15873,15895,16008,16036,16128,16342+C,16343,16392,16472d
B1a3_HM236185:15445,15721,15783,15798,15800,15820,15873,15895,16008,16036,16128,16342+C,16343,16392,16472d
B1a_EF490456:15721,15783,15800,15820,15855,15858,15859,16128,16342+C,16343,16472d
B1a_EF490455:15670,15721,15783,15800,15807,15820,15977,16128,16342+C,16343,16472d,16602
B1a_EF490451:15633,15721,15725,15783,15800,15820,15961,15963,16128,16342+C,16343,16472d
CDE:15583,15597,15708,15721,15727,15800,15802,15806,15820,15877,15956,15963,15972,15978,16008,16020,16036,16042,16048,16096,16097,16128,16209,16217,16342+C,16343,16440,16453,16472d,16546,16602
CE:15509,15583,15597,15607,15629,15708,15721,15727,15729+T,15800,15802,15804+T,15820,15877,15956,15963,15965,15967,15971,15972,15977,15978,16008,16020,16036,16042,16048,16096,16097,16128,16133,16156,16209,16217,16342+C,16343,16429,16440,16453,16472d,16546,16602
C:15509,15551,15583,15597,15607,15629,15698,15708,15721,15727,15729+T,15800,15802,15804+T,15820,15858,15877,15879+T,15956,15963,15965,15967,15971,15977,15978,16008,16036,16044,16048,16096,16097,16101,16128,16133,16156,16209,16217,16342+C,16343,16429,16440,16444,16453,16472d,16546,16602
C_HM236178:15509,15551,15583,15597,15607,15629,15645,15646,15676,15698,15708,15721,15727,15729+T,15800,15802,15804+T,15820,15853,15858,15877,15879+T,15956,15963,15965,15967,15971,15977,15978,16008,16036,16044,16048,16096,16097,16101,16128,16133,16156,16209,16217,16342+C,16343,16429,16440,16444,16453,16472d,16546,16602
C_HM236179:15463,15509,15551,15583,15597,15607,15629,15698,15721,15727,15729+T,15773,15800,15802,15804+T,15820,15858,15877,15879+T,15933,15956,15963,15965,15967,15971,15977,15978,16008,16036,16044,16048,16096,16097,16101,16128,16133,16156,16209,16217,16342+C,16343,16429,16440,16444,16453,16472d,16546,16602
E:15476,15509,15583,15597,15607,15629,15708,15721,15727,15729+T,15800,15802,15804+T,15820,15877,15956,15957,15963,15965,15967,15971,15972,15977,15978,15985,16008,16020,16036,16042,16048,16096,16097,16128,16133,16156,16202,16209,16217,16342+C,16343,16429,16440,16453,16472d,16546,16602
E_HM236182:15476,15509,15583,15597,15607,15629,15721,15727,15729+T,15783,15800,15802,15804+T,15820,15877,15879+C,15956,15957,15963,15965,15967,15971,15972,15977,15978,15985,16008,16020,16036,16042,16048,16096,16097,16128,16133,16156,16202,16209,16217,16342+C,16343,16429,16440,16453,16472d,16546,16602
E_HM236183:15476,15509,15583,15597,15607,15629,15668,15708,15721,15727,15729+T,15800,15802,15804+T,15820,15858,15877,15879+T,15933,15956,15957,15963,15965,15967,15971,15972,15977,15978,15985,15993,16008,16020,16036,16048,16096,16097,16128,16133,16156,16202,16209,16217,16342+C,16343,16429,16440,16453,16472d,16546,16601T,16602
D:15512,15583,15597,15600,15622,15647C,15649,15708,15721,15727,15733,15745,15800,15802,15806,15820,15877,15881,15939,15956,15963,15972,15974,15993,16008,16020,16036,16042,16048,16064,16096,16097,16128,16129,16209,16306,16342+C,16343,16400,16420,16440,16444,16453,16472d,16546,16602
