AB:281,538,566+G,1112,1729+C,2774,3218,3543A,3662,4182,4839,4915,4935,5784,6267,6555,6615,6628,6726,7435,7500A,7983,8121,8264C,8376,8651,9284,9375,9756,10118,10549,10783,10852,11317,11482,11491,11668,11710d,11783,11834,12287,12539C,12571C,13172,13199,13436,13576,13813C,13855,14055,14467,14653
A:281,291,538,566+G,1112,1729+C,2774,2966,3218,3431,3543A,3662,4182,4215,4443,4839,4915,4935,5565,5784,6267,6510,6555,6615,6628,6726,7141,7216,7435,7500A,7719G,7983,8039,8121,8148,8256,8264C,8376,8651,9128,9188,9284,9375,9756,9996,10118,10549,10783,10852,11023,11317,11482,11491,11668,11710d,11783,11834,11846,12023,12287,12539C,12571C,13097,13172,13199,13436,13576,13813C,13837,13855,14055,14467,14653
A1:281,291,538,566+G,1099T,1112,1729+C,2443,2774,2966,3218,3431,3543A,3662,4182,4215,4443,4839,4915,4935,5565,5784,6267,6510,6555,6615,6628,6726,7141,7216,7435,7500A,7719G,7983,8039,8121,8148,8256,8264C,8376,8651,9128,9188,9284,9375,9756,9996,10118,10549,10783,10852,11023,11317,11482,11491,11606,11668,11710d,11783,11834,11846,12023,12287,12539C,12571C,13097,13172,13199,13436,13576,13813C,13837,13855,14055,14467,14653
A1a:281,291,538,566+G,1099T,1112,1729+C,2443,2774,2966,3218,3431,3543A,3624,3662,4053,4182,4215,4443,4839,4915,4935,5565,5784,5880,6267,6510,6555,6615,6628,6726,7141,7216,7435,7500A,7719G,7983,8039,8121,8148,8256,8264C,8376,8651,9128,9188,9284,9375,9756,9996,10118,10549,10783,10852,11023,11317,11482,11491,11606,11668,11710d,11783,11834,11846,12023,12287,12539C,12571C,12692,13097,13172,13199,13436,13576,13813C,13837,13855,14055,14467,14518,14653
A1a_KF302445:281,291,538,566+G,1099T,1112,1729+C,2443,2774,2966,3218,3431,3543A,3624,3662,4053,4182,4215,4443,4839,4915,4935,5565,5643,5784,5880,6267,6510,6555,6615,6628,6726,7141,7216,7435,7500A,7719G,7983,8039,8096,8121,8148,8256,8264C,8376,8651,9128,9188,9284,9375,9756,9996,10118,10549,10783,10852,11023,11317,11482,11491,11606,11668,11710d,11783,11834,11846,12023,12287,12539C,12571C,12692,13097,13172,13199,13436,13576,13813C,13837,13855,14055,14467,14518,14653
A1b_HM236174:281,291,538,566+G,1099T,1112,1729+C,2224,2443,2774,2966,3218,3431,3543A,3662,4182,4215,4443,4839,4915,4935,5565,5784,6267,6510,6555,6615,6628,6726,7141,7216,7435,7500A,7719G,7726,7983,8039,8121,8125,8148,8175,8256,8264C,8376,8651,9128,9188,9284,9375,9756,9996,10118,10549,10783,10852,11023,11032,11317,11482,11491,11606,11668,11710d,11783,11834,11846,12023,12287,12539C,12571C,12644,13097,13172,13199,13436,13576,13813C,13837,13855,14055,14467,14653
A1b_HM236175:281,291,538,566+G,1099T,1112,1729+C,2443,2774,2966,3218,3431,3543A,3662,4182,4215,4443,4839,4915,4935,5565,5784,6267,6510,6555,6615,6628,6726,7141,7216,7435,7500A,7719G,7983,8039,8121,8148,8256,8264C,8376,8651,9128,9188,9284,9375,9756,9996,10118,10549,10714,10783,10852,11023,11317,11482,11491,11606,11668,11710d,11783,11834,11846,12023,12287,12539C,12571C,13097,13172,13199,13436,13576,13813C,13837,13855,14055,14467,14653
A1c:281,291,538,566+G,1099T,1112,1729+C,2443,2774,2966,3218,3431,3543A,3662,4182,4215,4293,4443,4839,4915,4935,5565,5784,6267,6510,6555,6615,6628,6726,7141,7216,7435,7500A,7719G,7983,8039,8121,8148,8256,8264C,8376,8651,9128,9188,9284,9375,9756,9996,10118,10549,10783,10852,11023,11317,11482,11491,11606,11668,11710d,11783,11834,11846,12023,12287,12539C,12571C,13097,13172,13199,13436,13576,13813C,13837,13855,14055,14467,14653,14965
A2:291,538,1729+C,2199,2774,2966,3218,3431,3543A,3662,4182,4215,4428,4443,4452,4839,4915,5295,5382,5565,5784,6267,6510,6555,6615,6628,6672,6726,7141,7216,7321,7435,7500A,7504,7719G,7983,8039,8121,8148,8256,8264C,8376,8538,8651,8897,9128,9188,9284,9375,9603,9666,9756,9974,9996,10118,10549,10783,10852,10937,11023,11317,11482,11491,11668,11710d,11783,11834,11846,12023,12287,12539C,12571C,13097,13172,13199,13436,13523,13576,13813C,13837,13855,14055,14467,14653
B:281,566+G,1729+C,3543A,6615,7500A,8264C,8651,9375,10783,10852,11317,11482,11491,11668,11710d,11783,11834,12539C,12571C,13199,13813C,14055,14653
B1:281,566+G,1729+C,3543A,6615,7500A,8264C,8651,9375,11668,11710d,11783,12539C,12571C,13199,13813C,14055,14653
B1a:281,566+G,1729+C,3543A,6615,7500A,8264C,8651,9375,11668,11710d,12539C,12571C,13199,13813C,14055
B1a1a:281,566+G,1729+C,3543A,4397,6615,7500A,7720,7983,8264C,8651,9375,11434,11668,11710d,12539C,12571C,13199,13813C,14055,14830,14878
B1a1a_KF302450_KF302451:281,566+G,1729+C,3543A,4397,6615,7500A,7720,7983,8264C,8651,9375,11434,11668,11710d,12539C,12571C,13199,13813C,14055,14830,14878,15082
B1a1a_KF302449:281,566+G,1729+C,3543A,4397,6615,7500A,7720,7754,7983,8264C,8651,9375,11434,11668,11710d,12539C,12571C,13199,13813C,14055,14167,14830,14878
B1a1b_KF977846:281,566+G,1114,1729+C,3035,3543A,5817,6615,7500A,7513,7886,7928,7983,8077G,8092,8166T,8264C,8651,9375,11668,11710d,12539C,12571C,13199,13813C,14055,15091+G,15097d
B1a2a1:281,566+G,1729+C,3543A,6615,7500A,7983,8264C,8651,9375,11668,11710d,12539C,12571C,13199,13813C,14055
B1a2a1a:281,566+G,1729+C,3023,3543A,6615,7500A,7759,7983,8264C,8651,9375,10417,11668,11710d,12539C,12571C,13199,13813C,14055
B1a2a1a1:281,566+G,1729+C,3023,3218,3543A,6615,7500A,7759,7983,8264C,8651,9375,10417,11668,11710d,12539C,12571C,12944,13199,13813C,14055,15262
B1a2a1a1_KF302458:281,566+G,1729+C,3023,3218,3543A,6615,7500A,7759,7983,8264C,8651,9250,9375,10417,11668,11710d,12539C,12571C,12944,13199,13813C,14055,15262
B1a2a1a1_KF302459:281,566+G,1729+C,3023,3218,3543A,5695,6615,7500A,7759,7983,8264C,8651,9375,10417,10951,11668,11710d,12539C,12571C,12944,13199,13813C,14055,15262
B1a2a1a_KF302457_KF302456:281,566+G,1729+C,3023,3543A,6615,7500A,7759,7983,8264C,8500,8651,9375,10417,11668,11710d,12539C,12571C,13199,13813C,14055
B1a2a2a:281,566+G,1729+C,3543A,5361,6615,7500A,7983,8264C,8651,8798,9375,9455,10922,11668,11710d,12539C,12571C,13199,13813C,14041,14055,14487,15103
B1a2a2a_KF302455:281,566+G,1729+C,3543A,5361,6615,7500A,7983,8264C,8651,8798,9375,9455,10922,11429,11668,11710d,12539C,12571C,13199,13813C,14041,14055,14487,15103
B1a2a3a:281,566+G,1729+C,3543A,6615,7500A,7983,8264C,8538,8651,8735,9026,9375,10402,11668,11710d,11792,12539C,12571C,12782,13199,13813C,14055
B1a2a2:281,566+G,1114,1729+C,2272,3543A,6615,7500A,8264C,8651,9375,9528,9741,11668,11710d,11903,11915,12031,12539C,12571C,13199,13813C,14055,14863,14871
B1a2a2_KF302452:281,566+G,1114,1729+C,2272,3543A,6615,7500A,8264C,8651,9375,9528,9741,11668,11710d,11903,11915,12031,12305,12539C,12571C,13199,13813C,14055,14863,14871
B1a2a2_KF302453:281,566+G,1114,1729+C,2272,3543A,6615,7500A,8264C,8651,9218,9375,9528,9741,11668,11710d,11903,11915,12031,12539C,12571C,13199,13813C,14055,14863,14871
B1a2a3:281,566+G,1729+C,3543A,6615,7500A,8264C,8651,9375,11668,11710d,12539C,12571C,13199,13626,13813C,14055,15040
B1a2b1_KF302461:281,566+G,1729+C,2760,3543A,4788,6615,7500A,8264C,8651,9213,9375,11668,11710d,12539C,12571C,13199,13813C,13960T,14055,14699,14878
B1a2b1_KF302462:281,566+G,1729+C,3543A,4419,6615,7500A,8264C,8651,8753,9375,9968,11668,11710d,12539C,12571C,13199,13813C,14055,14416
B1a2b_KF302460:281,566+G,1729+C,3543A,4788,6615,7500A,7855,8264C,8651,9375,11668,11710d,12539C,12571C,13199,13776,13813C,14055
B1a2_KF977845:281,566+G,1729+C,2426,3543A,6615,7127,7500A,8264C,8651,9375,11668,11710d,12539C,12571C,13199,13813C,14055
B1a2_EF490454:281,566+G,810T,1729+C,3543A,6615,6728,7066,7500A,7983,8264C,8651,8735,8988,9375,10024,11668,11710d,12125,12539C,12571C,13199,13813C,14055
B1a3:281,566+G,1729+C,3543A,3668,4860,6615,7500A,7983,8264C,8651,9375,11668,11710d,11939,12539C,12571C,13199,13813C,14055
B1a4:281,566+G,1729+C,3543A,4908,6615,7500A,8264C,8651,9375,11668,11696,11710d,12539C,12571C,13199,13813C,14055
B1a4_HM236176:281,1729+C,3543A,4908,6615,7500A,8264C,8651,9375,11668,11696,11710d,12539C,12571C,13199,13813C,14055
B1a_EF490456:281,566+G,1729+C,3131,3543A,5361,6615,7180,7500A,8264C,8651,9375,11053,11668,11710d,11745,12539C,12571C,13199,13813C,14055,15040
B1a_EF490455:281,566+G,1729+C,3543A,6615,7500A,7983,8264C,8651,9375,9416,11668,11710d,12539C,12571C,13199,13813C,14055,14659
B1a_EF490451:41,281,566+G,1114,1729+C,3035,3543A,5574,6375,6615,7500A,8264C,8651,9375,11668,11710d,12539C,12571C,13199,13588,13813C,14055,14377,14871
B1b:281,566+G,885,1729+C,2342T,3543A,5424,5562,6615,7500A,8264C,8383,8651,9375,11273,11473,11668,11710d,11783,12198,12539C,12571C,13199,13813C,14055,14482,14653,14871
B2:281,566+G,1729+C,3543A,6615,7500A,8239,8264C,8651,9375,10783,10852,11023,11317,11482,11491,11606,11668,11710d,11783,11834,12305,12539C,12571C,13199,13738,13813C,14055,14653,14871
CDE:281,538,566+G,1112,1563,1729+C,1788,2774,2867,3023,3218,3543A,3662,4182,4839,4915,4935,5137,5784,6267,6555,6615,6628,6726,6738,7096,7435,7500A,7983,8121,8264C,8376,8651,9282,9284,9375,9579,9756,10094,10118,10549,10783,10852,11317,11482,11491,11668,11710d,11834,12287,12539C,12571C,13172,13199,13361,13436,13576,13806,13813C,13855,14055,14467,14653,14854
CE:281,538,566+G,711,1112,1247,1413,1469,1563,1683,1729+C,1788,2621,2774,2867,2903,3023,3218,3338,3431,3543A,3662,3930,4008,4182,4208,4224,4428,4524,4839,4915,4935,5137,5763,5784,5850A,5901,5979,6267,6423,6555,6615,6628,6726,6738,6834,7000,7096,7174,7435,7466,7500A,7639,7645,7755,7773,7918,7983,8121,8264C,8376,8413,8651,8816,9056,9282,9284,9374,9375,9579,9582,9636,9756,9789,10002,10094,10118,10367,10549,10783,10852,10924,11152,11317,11338,11454,11482,11491,11668,11710d,11834,11915,12086,12287,12326,12521,12539C,12571C,12887,13151,13154,13172,13199,13361,13436,13552,13576,13675,13806,13810,13813C,13855,14055,14365,14467,14551,14634,14653,14854,14971,15097
C:69,160,281,538,566+G,711,1112,1243+A,1247,1413,1469,1502,1515,1563,1683,1729+C,1788,2181,2621,2774,2867,2903,3023,3218,3338,3431,3543A,3662,3930,4008,4182,4208,4224,4428,4489,4524,4839,4915,4935,5137,5763,5784,5850A,5901,5979,6267,6423,6555,6615,6628,6726,6738,6834,7000,7096,7111,7174,7225,7435,7466,7500A,7639,7645,7755,7773,7814,7918,7983,8121,8264C,8376,8413,8651,8816,9056,9282,9284,9374,9375,9579,9582,9636,9756,9789,10002,10094,10115,10118,10367,10531,10549,10783,10852,10924,11152,11317,11338,11392,11454,11482,11491,11668,11710d,11832,11834,11915,12086,12197,12287,12326,12521,12539C,12571C,12887,13091,13151,13154,13172,13199,13361,13436,13552,13576,13605,13675,13806,13810,13813C,13855,14055,14365,14467,14551,14554,14634,14653,14854,14893,14971,15097,15148
C_HM236178:69,160,281,538,566+G,711,1112,1243+A,1247,1413,1469,1502,1515,1563,1683,1729+C,1788,2181,2621,2774,2867,2903,3023,3218,3338,3431,3543A,3662,3930,4008,4182,4208,4224,4428,4489,4524,4839,4915,4935,5137,5763,5784,5850A,5901,5979,6267,6423,6555,6615,6628,6726,6738,6834,7000,7096,7111,7174,7225,7435,7466,7500A,7639,7645,7755,7773,7814,7918,7975,7983,8121,8264C,8376,8413,8651,8816,9056,9282,9284,9374,9375,9579,9582,9636,9756,9789,9996,10002,10094,10115,10118,10367,10531,10549,10783,10852,10924,11152,11317,11338,11392,11454,11482,11491,11668,11710d,11832,11834,11915,12086,12197,12287,12306,12326,12521,12539C,12571C,12887,13091,13151,13154,13172,13199,13361,13436,13552,13576,13605,13675,13806,13810,13813C,13855,14055,14365,14467,14551,14554,14634,14653,14854,14893,14971,15097,15148
C_HM236179:69,160,281,538,566+G,711,1112,1122,1243+A,1247,1413,1469,1502,1515,1563,1683,1729+C,1788,2181,2621,2763A,2774,2867,2903,3023,3218,3233,3338,3431,3543A,3662,3930,4008,4182,4208,4224,4428,4489,4524,4641,4839,4915,4935,5137,5763,5784,5850A,5901,5979,6267,6423,6555,6615,6628,6726,6738,6834,7000,7096,7111,7174,7225,7435,7466,7500A,7639,7645,7755,7773,7814,7918,7983,8047,8121,8264C,8376,8413,8651,8816,9056,9282,9284,9374,9375,9579,9582,9636,9756,9789,10002,10094,10115,10118,10367,10531,10549,10618,10783,10852,10924,11152,11317,11338,11392,11454,11482,11491,11668,11710d,11832,11834,11915,12086,12197,12287,12326,12521,12539C,12571C,12887,13091,13151,13154,13172,13199,13361,13436,13552,13576,13605,13675,13806,13810,13813C,13855,14055,14365,14467,14551,14554,14634,14653,14854,14893,14971,15097,15148
E:281,538,566+G,711,950,1100,1112,1247,1413,1469,1563,1683,1729+C,1788,2196T,2621,2774,2867,2903,3023,3218,3338,3431,3543A,3662,3930,4008,4071,4182,4208,4224,4428,4467,4524,4915,4935,5137,5147,5763,5784,5850A,5901,5979,6267,6423,6555,6615,6628,6726,6738,6834,7000,7096,7174,7435,7466,7500A,7639,7645,7755,7773,7889,7918,7983,8121,8264C,8352T,8376,8413,8651,8816,9056,9079,9282,9284,9374,9375,9483,9579,9582,9636,9756,9789,10002,10094,10118,10127,10367,10549,10783,10852,10924,11152,11317,11338,11454,11482,11491,11668,11710d,11807,11834,11915,11921,12086,12287,12326,12521,12539C,12571C,12887,13151,13154,13172,13199,13361,13433,13436,13552,13576,13585,13675,13806,13810,13813C,13855,14055,14365,14467,14551,14634,14653,14854,14971,15097
E_HM236182:281,538,566+G,711,950,1100,1112,1247,1413,1469,1563,1683,1729+C,1788,2196T,2621,2774,2867,2903,3023,3218,3338,3431,3543A,3662,3668,3930,4008,4071,4182,4208,4224,4428,4467,4524,4915,4935,5137,5147,5511,5763,5784,5850A,5901,5979,6267,6423,6555,6615,6628,6726,6738,6834,7000,7096,7174,7435,7466,7500A,7639,7645,7755,7773,7889,7918,7983,8121,8264C,8352T,8376,8413,8424,8651,8816,9056,9079,9282,9284,9374,9375,9483,9579,9582,9636,9756,9789,10002,10094,10118,10127,10367,10459,10549,10783,10852,10924,11152,11317,11338,11454,11482,11491,11668,11710,11807,11834,11915,11921,12086,12287,12326,12521,12539C,12571C,12887,13151,13154,13172,13199,13361,13433,13436,13552,13576,13585,13675,13806,13810,13813C,13855,14055,14365,14467,14551,14634,14653,14854,14971,15097
E_HM236183:281,538,566+G,711,891,950,1100,1112,1247,1413,1469,1563,1683,1729+C,1788,2196T,2621,2774,2867,2903,3023,3218,3242,3338,3431,3543A,3662,3930,4008,4071,4182,4208,4224,4428,4467,4524,4915,4935,5137,5147,5763,5784,5850A,5901,5979,6267,6423,6555,6615,6628,6726,6738,6834,7000,7096,7174,7435,7466,7500A,7639,7645,7755,7773,7889,7918,7983,8121,8264C,8331,8352T,8376,8403,8413,8651,8816,9056,9079,9282,9284,9374,9375,9483,9579,9582,9636,9756,9789,10002,10094,10118,10127,10367,10549,10783,10852,10924,11152,11317,11338,11368,11454,11482,11491,11668,11710d,11807,11834,11869,11915,11921,12086,12287,12326,12521,12539C,12571C,12887,13046,13151,13154,13172,13199,13361,13433,13436,13552,13576,13585,13605,13675,13806,13810,13813C,13855,14055,14365,14467,14551,14634,14653,14854,14959,14971,15097
D:281,538,566+G,1112,1145,1160,1228A,1563,1729+C,1788,2774,2867,3008,3023,3218,3543A,3609,3662,3990,4182,4302,4489,4608,4839,4915,4935,5137,5279,5412,5768,5784,6174,6267,6354,6555,6615,6628,6726,6738,7096,7237,7435,7475,7500A,7582,7756,7759A,7983,7989,8121,8264C,8376,8424,8651,8846,9282,9284,9375,9579,9756,10047,10094,10118,10219,10437,10450,10534,10549,10567,10669,10783,10852,11056,11128,11317,11482,11491,11527,11668,11710d,11834,12287,12539C,12571C,12827,13013,13160,13165,13172,13199,13361,13403A,13406,13436,13576,13623,13714,13806,13813C,13825,13855,13915,13999,14055,14239,14293,14401,14416,14467,14624,14653,14854,14986,15181,15232
D_HM236181:281,538,1112,1145,1160,1228A,1563,1729+C,1788,2774,2867,3008,3023,3218,3543A,3609,3662,3990,4182,4302,4489,4608,4839,4915,4935,5137,5279,5412,5768,5784,6174,6267,6354,6555,6615,6628,6726,6738,7096,7237,7435,7475,7500A,7582,7756,7759A,7983,7989,8121,8264C,8376,8424,8651,8846,8849,9282,9284,9375,9579,9756,10047,10094,10118,10219,10437,10450,10534,10549,10567,10669,10783,10852,11056,11128,11317,11482,11491,11527,11668,11710d,11834,12287,12539C,12571C,12827,13013,13160,13165,13172,13199,13361,13403A,13406,13436,13576,13623,13714,13806,13813C,13825,13855,13915,13999,14055,14239,14293,14401,14416,14467,14624,14653,14854,14986,15181,15232
