AB:5015,8556,13113,15093,15719,15833
A:5015,8382,8556,13113,15089,15093,15719,15833
A1a:4895,5015,7808,8382,8556,13113,15089,15093,15719,15833
A1a1_GQ464275:4895,5015,7808,8247,8382,8556,13113,15089,15093,15719,15833
A1a1_GQ464283:4895,5015,7808,8382,8556,11900,12454,13113,14244,15089,15093,15719,15833
A1a1_GQ464309:4895,5015,7808,8382,8556,9033,13113,14049,15089,15093,15719,15833
A1a2_GQ464292:4895,5015,7808,8382,8556,12182A,13113,15089,15093,15719,15833
A1a3_EF494179:4381,4895,5015,5926,7808,8382,8556,8968,13113,15089,15093,15719,15833
A1a3_GQ464295:4895,5015,6929,7808,8382,8556,13113,15089,15093,15719,15833
A1a_GQ464263:2029,4895,5015,7808,8382,8556,13113,15089,15093,15719,15833
A1a_GQ464307:4895,5015,7808,8382,8556,9764,13113,15089,15093,15719,15833
A1a_GQ464305:4895,5015,7808,8382,8556,10507A,13113,15089,15093,15719,15824,15833
A1a_GQ464280:4895,5015,7808,8382,8556,9342,12672,13113,14606,15089,15093,15719,15833
A1a_JQ692071:3130,4895,5015,7484,7808,8382,8556,10176,10251,13113,15089,15093,15719,15833
A1b:5015,7598,8382,8556,13113,13308,15089,15093,15719,15833
A1b1:4780,5015,7598,8382,8556,13113,13308,15089,15093,15719,15833
A1b1_GQ464306:4780,5015,7598,8382,8556,12675,13062A,13113,13308,15089,15093,15719,15833
A1b_GQ464282:5015,7598,8382,8556,11678,13113,13308,15089,15093,15719,15833
A1c:5015,8382,8556,10820,11231,13113,13867,14534,15089,15093,15719,15833
A1c_GQ464255:4689,5015,8382,8556,10820,11231,13113,13867,14534,15089,15093,15719,15833
A2:2302,5015,8382,8556,10588,13113,14241,15089,15093,15719,15833
A2_GQ464246_GQ464264:2302,5015,8382,8556,10588,13113,14241,15089,15093,15619,15719,15833
A2_GQ464247:2302,5015,8382,8556,10588,11699,13110,13113,14241,15089,15093,15719,15833
B:5015,8556,13113,15093,15719
B1:2866,5015,8556,13113,15093,15719
B1a:2866,4258,5015,8556,10075,13113,15093,15719
B1a1a:1696,2866,4258,5015,8556,10075,13113,14903,15093,15719
B1a1a1:1696,2866,4258,5015,8556,8999,10075,13113,14903,15093,15719
B1a1a1a:1696,2866,4258,5015,8556,8999,9140,10075,13113,14903,15093,15719
B1a1a1a_EF494178:1696,2220,2866,4258,5015,6106G,7808,8556,8999,9140,10075,13113,14903,15093,15719
B1a1a1a_EF494177:1696,2866,4258,5015,8556,8999,9140,10075,11137,13113,14903,15093,15719
B1a1a1_GQ464268:1696,2866,4258,5015,6512,8556,8999,10075,13113,14903,15093,15719
B1a1a_GQ464314:1696,2866,4258,5015,8556,10075,12270,13113,14903,15093,15719
B1a1b:2866,4258,5015,8556,10075,11939,13113,15093,15344,15719
B1a2_GQ464258:2866,4258,5015,8556,10075,13113,15093,15684,15719
B1a2_JQ437480:1480d,2866,4258,5015,5400,8556,10075,13113,15093,15719
B1a2_GQ464297:2866,4258,5015,7220,8556,10075,10879,13113,15093,15719
B1a_GQ464256:896,2866,4258,5015,5177,8556,10075,12208,13113,15093,15719,16029
B1b:2866,5015,5423,8556,13113,15074,15093,15719
B1b1:2866,5015,5423,8556,13113,15074,15093,15397,15719
B1b1_GQ464272:2866,5015,5423,8556,10477,13113,15074,15093,15397,15719
B1b_GQ464252_GQ464253:2866,5015,5423,8556,11330,13113,15074,15093,15719
B2_GQ464265:3877,4823,5015,6971,8556,9730C,10504,10820,13113,14094,15093,15719
B3:3970,5015,7469,7808,7917,8556,11291,13113,15093,15719,15959,16088
CD:987,1082,1612,1656,2007A,2398,2629,2647,2852,3498,3502,3676,4881,5015,5390,5693,5748,6491,6500,6761,6764,6866,7409,7941,7950,8400,8415,8481,8484,8523,8556,8577,8848,8875,8938,9756,10083,10338,10477,10498,10534,10645,10824,11315,11711,12131,12252,12314,12320,12323,12383,12675,12804,12823,13086,13113,13530,13786,14645,14675,15093,15287,15332,15398,15419,15503,15719,15833,15950
C:987,1082,1612,1656,2007A,2398,2629,2647,2852,3498,3502,3676,3760,4881,5015,5390,5693,5748,6491,6500,6761,6764,6866,7271,7409,7941,7950,8400,8415,8481,8484,8523,8556,8577,8848,8875,8938,9756,10083,10338,10477,10498,10534,10645,10824,11315,11711,12131,12252,12314,12320,12323,12383,12675,12804,12823,13086,13113,13530,13786,14645,14675,15093,15287,15332,15398,15419,15503,15719,15833,15950
C1a:987,1082,1612,1656,2007A,2398,2629,2647,2852,3498,3502,3676,3760,4493,4881,5015,5390,5693,5748,6491,6500,6761,6764,6866,7271,7409,7941,7950,8400,8415,8481,8484,8523,8556,8577,8848,8875,8938,9756,10083,10338,10477,10498,10534,10645,10824,11315,11635,11711,12131,12252,12314,12320,12323,12383,12675,12804,12823,13086,13113,13530,13786,14645,14675,15093,15287,15332,15398,15419,15503,15719,15833,15950
C1a1:987,1082,1612,1656,2007A,2398,2629,2647,2852,3498,3502,3676,3760,4493,4881,5015,5390,5693,5748,6491,6500,6761,6764,6866,7271,7409,7941,7950,8400,8415,8481,8484,8523,8556,8577,8848,8875,8938,9756,10083,10338,10477,10498,10534,10645,10824,11315,11635,11711,12131,12252,12314,12320,12323,12383,12675,12714,12804,12823,13086,13113,13530,13786,14645,14675,15034,15093,15287,15332,15398,15419,15503,15719,15833,15950
C1a1_JQ846021:987,1082,1612,1656,2007A,2398,2629,2647,2852,3498,3502,3676,3760,4493,4881,5015,5390,5484,5693,5748,5801,6491,6500,6761,6764,6866,7271,7409,7941,7950,8400,8415,8481,8484,8523,8556,8577,8848,8875,8938,9756,10083,10338,10477,10498,10534,10645,10824,11315,11635,11711,12131,12252,12314,12320,12323,12383,12675,12714,12804,12823,13086,13113,13530,13786,14645,14675,14921,15034,15093,15287,15332,15398,15419,15503,15719,15833,15950
C1a_GQ464287:987,1082,1612,1656,2007A,2398,2629,2647,2852,3498,3502,3676,3760,4493,4881,5015,5390,5693,5748,6491,6500,6761,6764,6866,7271,7409,7941,7950,8400,8415,8481,8484,8523,8556,8577,8848,8875,8938,9756,10083,10338,10477,10498,10534,10645,10824,11084,11315,11635,11711,12131,12252,12314,12320,12323,12383,12675,12804,12823,13086,13113,13530,13786,14645,14675,15093,15287,15332,15398,15419,15503,15719,15833,15950
C1a_GQ464284:987,1082,1612,1656,2007A,2398,2629,2647,2852,3498,3502,3676,3760,4493,4529,4881,5015,5390,5693,5748,6491,6500,6761,6764,6866,7271,7409,7941,7950,8400,8415,8481,8484,8523,8556,8577,8848,8875,8938,9161,9756,10083,10338,10477,10498,10534,10645,10824,11315,11635,11711,12131,12252,12314,12320,12323,12383,12675,12804,12823,13086,13113,13530,13786,14645,14675,15093,15287,15332,15398,15419,15503,15719,15833,15950
C1a_GQ464300:987,1082,1612,1656,2007A,2398,2629,2647,2852,3498,3502,3676,3760,3853,4493,4881,5015,5390,5693,5748,6491,6500,6761,6764,6866,7271,7409,7941,7950,8400,8415,8481,8484,8523,8556,8577,8848,8875,8938,9756,10083,10338,10477,10498,10534,10645,10824,11315,11635,11711,12131,12252,12314,12320,12323,12383,12675,12804,12823,13086,13113,13530,13786,14645,14675,15093,15287,15332,15336T,15398,15419,15503,15719,15833,15950
C1b:987,1082,1612,1656,2007A,2398,2629,2647,2852,3498,3502,3676,3760,4421,4881,5015,5390,5693,5748,6491,6500,6761,6764,6866,7271,7409,7941,7950,8400,8415,8481,8484,8523,8556,8577,8848,8875,8938,9756,10083,10338,10477,10498,10534,10645,10824,11315,11711,12131,12252,12314,12320,12323,12383,12675,12804,12823,13086,13113,13530,13786,14645,14675,15093,15287,15332,15398,15419,15503,15719,15833,15950
C1b_JQ846022:987,1082,1612,1656,2007A,2398,2629,2647,2852,3498,3502,3676,3760,4421,4881,5015,5390,5693,5748,6491,6500,6761,6764,6866,7271,7409,7941,7950,8400,8415,8481,8484,8523,8556,8577,8821C,8848,8875,8938,9756,10083,10338,10477,10498,10534,10645,10824,11315,11711,12131,12252,12314,12320,12323,12383,12675,12804,12823,13086,13113,13530,13786,14645,14675,15093,15287,15332,15398,15419,15503,15719,15833,15950
C1b_GQ464250:987,1082,1612,1656,2007A,2398,2629,2647,2694A,2852,3498,3502,3676,3760,4421,4881,5015,5390,5693,5748,6491,6500,6761,6764,6866,7271,7409,7941,7950,8400,8415,8481,8484,8523,8556,8577,8848,8875,8938,9756,10083,10338,10477,10498,10534,10645,10824,11315,11711,12131,12252,12314,12320,12323,12383,12675,12804,12823,13086,13113,13530,13569,13786,14636,14645,14675,15093,15287,15332,15398,15419,15503,15719,15833,15950
C1b_GQ464261:987,1082,1612,1656,1970,2007A,2398,2629,2647,2852,3498,3502,3676,3760,4421,4881,5015,5390,5693,5748,6491,6500,6761,6764,6866,7271,7409,7941,7950,8400,8415,8481,8484,8523,8556,8577,8848,8875,8938,9756,10083,10338,10477,10498,10534,10645,10824,11315,11711,12131,12252,12314,12320,12323,12383,12675,12804,12823,13086,13113,13530,13786,14645,14675,15093,15287,15332,15398,15419,15503,15719,15833,15950
C1_GQ464293:987,1082,1612,1656,2007A,2398,2629,2647,2852,3498,3502,3676,3760,4881,5015,5390,5693,5748,6491,6500,6761,6764,6866,7271,7409,7941,7950,8400,8415,8481,8484,8523,8556,8577,8848,8875,8938,9756,10083,10338,10477,10498,10534,10645,10824,11315,11711,12131,12252,12314,12320,12323,12383,12675,12804,12823,13086,13113,13146T,13530,13786,14645,14675,15093,15287,15332,15398,15419,15441,15503,15719,15833,15950
C2:987,1082,1147,1612,1656,2007A,2398,2629,2647,2852,3498,3502,3676,3760,4881,5015,5222,5390,5693,5748,6491,6500,6761,6764,6866,7271,7409,7836,7941,7950,8400,8415,8481,8484,8523,8556,8577,8848,8875,8938,9756,10083,10338,10477,10498,10534,10645,10824,11315,11711,12131,12252,12314,12320,12323,12383,12675,12804,12823,13086,13113,13530,13786,14645,14675,15093,15287,15332,15398,15419,15503,15719,15833,15950
C2_GQ464262:987,1082,1147,1612,1656,2007A,2398,2629,2647,2852,3099,3498,3502,3676,3760,4881,5015,5222,5390,5693,5748,6491,6500,6761,6764,6866,7271,7409,7836,7941,7950,8400,8415,8481,8484,8523,8556,8577,8848,8875,8938,9756,10083,10338,10453,10477,10498,10534,10645,10824,11315,11711,12131,12252,12314,12320,12323,12383,12675,12804,12823,13086,13113,13530,13786,14645,14675,15093,15287,15332,15398,15419,15503,15719,15833,15950
C2_GQ464257:987,1082,1147,1612,1656,2007A,2398,2629,2647,2852,3498,3502,3676,3760,4881,5015,5222,5390,5693,5748,6491,6500,6761,6764,6866,7271,7409,7836,7941,7950,8256,8400,8415,8481,8484,8523,8556,8577,8848,8875,8938,9756,10083,10338,10477,10498,10534,10645,10824,11315,11711,12131,12252,12314,12320,12323,12383,12675,12804,12823,13086,13113,13530,13786,14645,14675,15093,15287,15332,15398,15419,15503,15719,15833,15950
D:987,1082,1612,1656,2007A,2398,2629,2647,2852,3498,3502,3676,4881,5015,5390,5693,5748,6491,6500,6761,6764,6866,7941,7950,8400,8415,8481,8484,8523,8556,8577,8848,8875,8938,9756,10083,10338,10477,10498,10534,10645,10824,11315,11554,11711,12131,12252,12314,12320,12323,12383,12675,12804,12823,13086,13113,13530,13786,14645,14675,15093,15287,15332,15398,15419,15503,15719,15833,15950
D1:987,1082,1612,1656,2007A,2398,2629,2647,2852,3498,3502,3676,4881,5015,5390,5693,5748,6491,6500,6761,6764,6866,7941,7950,8400,8415,8481,8484,8523,8556,8577,8655,8848,8875,8938,9756,10083,10338,10477,10498,10534,10645,10824,11315,11554,11711,12131,12252,12314,12320,12323,12383,12675,12804,12823,13086,13113,13530,13786,14645,14675,15093,15287,15332,15398,15419,15503,15719,15833,15950
D1_GQ464296_GQ464291:987,1082,1612,1656,2007A,2398,2629,2647,2852,3498,3502,3676,4881,5015,5390,5693,5748,6491,6500,6761,6764,6866,6960,7424,7941,7950,8400,8415,8481,8484,8523,8556,8577,8655,8848,8875,8938,9756,10083,10338,10477,10498,10534,10645,10824,11315,11554,11711,12131,12252,12314,12320,12323,12383,12675,12804,12823,13086,13113,13530,13786,14645,14675,15093,15242,15287,15332,15398,15419,15503,15719,15833,15950
D1_GQ464304:987,1082,1612,1656,2007A,2398,2629,2647,2852,3498,3502,3676,4881,5015,5390,5693,5748,6491,6500,6761,6764,6866,7941,7950,8400,8415,8481,8484,8523,8556,8577,8655,8848,8875,8938,9756,10083,10338,10477,10498,10534,10537,10645,10824,11315,11554,11711,12131,12252,12314,12320,12323,12383,12675,12804,12823,13086,13113,13530,13786,14645,14675,15093,15287,15294,15332,15398,15419,15503,15719,15833,15950
D2:987,1082,1612,1656,2007A,2398,2629,2647,2852,3498,3502,3676,4525,4881,5015,5390,5693,5748,6485,6491,6500,6761,6764,6866,7941,7950,8400,8415,8481,8484,8523,8556,8577,8848,8875,8938,9756,10083,10338,10477,10498,10534,10645,10824,11315,11554,11711,12131,12252,12314,12320,12323,12383,12675,12804,12823,13086,13113,13530,13786,14645,14675,15093,15287,15332,15398,15419,15503,15719,15833,15950
