AB:327
A:295,327
A1:160+A,256,295,327
A1a1:160+A,248,256,295,327
A1a1_GQ464275:160+A,248,249,253,256,295,327
A1a1_GQ464283:160+A,248,256,295,313,327,390
A1a1_GQ464302:160+A,248,256,295,327,508
A1a1_GQ464299:160+A,248,256,295,327,708
A1a2:160+A,256,295,314,327
A1a2_GQ464279:160+A,256,295,314
A1a2_GQ464292:160+A,256,295,314,327,761+A
A1a3:160+A,256,295,327,333
A1a3_GQ464289:160+A,256,282d,295,327,333
A1a3_KJ463418:160+A,256,295,327,333,538
A1a4:256,295,327
A1a4_GQ464294:159,256,295,327
A1a_JQ846020:160+A,256,266,295,327
A1a_GQ464290:160+A,256,295,327,538
A1a_JQ692071:160+A,256,295,327,505G
A1b:160+A,172,256,295,327,745
A1b1:160+A,163,172,256,295,327,745
A1b1_GQ464306:160+A,163,172,256,284,295,327,745
A1c:111,160+A,256,295,327
A2:295,327,333
A2_GQ464246_GQ464264:266,295,327,333
A2_GQ464247:281,295,327,333
B:327
B1a:266,327,397
B1a1:247,266,327,397
B1a1a1a_EF494178:247,266,327,355,397
B1a1a_GQ464314:247,248,266,318,327,397,708
B1a2:266,327,390,397
B1a2_GQ464258:266,305,327,390,397
B1a2_JQ437480:266,327,390,396,397
B1a_GQ464286:266,267,327,397
B1b:327,328
B2_GQ464265:160+A
B3:248,314,327,390,696,708
CD:135,142,187,193,248,255,275,292,308,309,316,325,327,355,390,391,500,538,693,696,719,730,810
C:117,135,142,187,193,220,248,249,255,275,292,308,309,316,325,327,333,355,390,391,500,538,693,696,719,730,810
C1:110T,117,135,142,187,193,220,248,249,255,275,292,308,309,316,325,327,333,355,390,391,500,538,693,696,719,730,810
C1a_GQ464284:110T,117,135,142,187,193,220,248,249,255,275,292,308,309,316,325,327,333,355,390,391,440,500,538,693,696,719,730,810
C1a_GQ464300:110T,117,131,135,142,187,193,220,248,249,255,275,292,308,309,316,325,327,333,355,390,391,500,538,693,696,719,730,810
C1b:110T,117,135,142,187,193,218T,220,248,249,255,275,292,308,309,316,325,327,333,355,390,391,500,538,693,696,719,730,810
C1b_JQ846022:34,110T,117,135,142,187,193,218T,220,248,249,255,275,292,308,309,316,325,327,333,355,390,391,500,538,693,696,719,730,810
C1b_GQ464250:110T,117,135,142,187,193,218T,220,248,249,255,275,292,308,309,316,325,327,333,355,390,391,486,500,538,693,696,719,730,810
C1_GQ464293:110T,117,135,142,187,193,220,248,249,255,275,292,308,309,316,325,327,333,355,390,391,423,500,538,693,696,719,730,810
D:135,142,187,193,248,255,275,292,308,309,310,316,325,327,355,390,391,500,538,693,696,719,730,810
D1_GQ464304:135,142,187,193,248,255,275,292,308,309,310,316,325,327,333,355,390,391,500,538,693,696,719,730,810
D2:135,142,187,193,248,255,275,292,308,309,310,316,325,327,333,390,391,500,538,693,696,719,730,810
